chrom	start	end	pop	theta_pi	theta_w	nsites	D	D_dmin	Dprime	theta_H	H	H_hmin	Hprime	E	E_Emin	Eprime
chr10	2202836	2207326	Plat	1.015385	1.310287	47	-0.676716	-0.318582	-0.318582	1.280000	-0.473900	-0.101176	-0.101176	-0.033820	-0.025445	-0.025445
chr10	2202836	2207326	Pmex	1.173684	1.409348	47	-0.558420	-0.259157	-0.259157	0.947368	0.391019	0.064662	0.093478	-0.474045	-0.385361	-0.385361
chr10	20292668	20296955	Plat	1.618462	1.310287	30	0.707173	0.332920	0.238948	1.600000	0.033063	0.004000	0.007692	0.323510	0.260935	0.078519
chr10	20292668	20296955	Pmex	0.684211	0.845609	30	-0.571308	-0.295813	-0.295813	0.368421	0.772159	0.185759	0.214286	-0.753899	-0.644547	-0.644547
chr10	20297125	20299972	Plat	1.476923	1.572344	38	-0.189510	-0.085903	-0.085903	1.960000	-0.759283	-0.106441	-0.106441	0.370788	0.282477	0.113096
chr10	20297125	20299972	Pmex	2.584211	2.818696	38	-0.307466	-0.128931	-0.128931	2.578947	0.005397	0.000752	0.001087	-0.131787	-0.099993	-0.099993
chr10	20300082	20302228	Plat	0.803077	0.786172	44	0.056887	0.030437	0.021846	0.920000	-0.295625	-0.042222	-0.042222	0.226048	0.200891	0.060451
chr10	20300082	20302228	Pmex	2.584211	4.791783	44	-1.787495	-0.714013	-0.714013	6.315789	-2.468008	-0.401245	-0.401245	0.508506	0.361753	0.245482
chr10	20302347	20309336	Plat	3.729231	3.406746	95	0.332946	0.133992	0.096171	3.480000	0.215160	0.022657	0.039686	0.035121	0.025029	0.008525
chr10	20302347	20309336	Pmex	3.521053	5.355523	95	-1.339348	-0.530881	-0.530881	8.105263	-2.755025	-0.378860	-0.378860	0.824943	0.595352	0.318092
chr10	20309491	20311706	Plat	2.027692	1.834402	31	0.338694	0.149151	0.107051	1.680000	0.487824	0.063662	0.102262	-0.129222	-0.096840	-0.096840
chr10	20309491	20311706	Pmex	1.084211	1.409348	31	-0.770433	-0.357550	-0.357550	1.684211	-1.036656	-0.240000	-0.240000	0.282041	0.219635	0.172799
chr10	20311866	20329673	Plat	7.815385	10.220238	231	-0.899541	-0.333071	-0.333071	7.840000	-0.008114	-0.001296	-0.001296	-0.401554	-0.254837	-0.254837
chr10	20311866	20329673	Pmex	11.273684	11.838524	231	-0.193715	-0.073946	-0.073946	14.578947	-0.972463	-0.144968	-0.144968	0.380752	0.263060	0.180749
chr11	4461927	4469301	Plat	1.720000	2.620574	76	-1.169022	-0.486444	-0.486444	2.640000	-0.981323	-0.217455	-0.217455	0.011838	0.008025	0.008164
chr11	4461927	4469301	Pmex	2.042105	2.818696	76	-1.018294	-0.427004	-0.427004	3.052632	-1.036158	-0.202105	-0.202105	0.128591	0.093466	0.073534
chr11	15808553	15808665	Plat	0.295385	0.524115	3	-1.019598	-0.617741	-0.617741	1.040000	-2.427732	-0.403333	-0.403333	1.183186	1.161603	0.349543
chr11	15808850	15810138	Pmex	0.536842	0.563739	6	-0.127951	-0.073946	-0.073946	1.789474	-3.956075	-0.695906	-0.695906	2.670389	2.673497	0.853421
chr11	15810329	15815925	Plat	4.055385	4.717033	40	-0.509937	-0.198549	-0.198549	4.520000	-0.305201	-0.036829	-0.036829	-0.069733	-0.047397	-0.047397
chr11	15810329	15815925	Pmex	0.189474	0.281870	40	-0.696726	-0.508034	-0.508034	0.105263	0.399170	0.093567	0.177778	-0.635852	-0.770406	-0.770406
chr11	17800331	17801676	Plat	0.710769	1.048230	18	-0.919014	-0.455697	-0.455697	2.360000	-3.446376	-0.446667	-0.446667	1.761666	1.476837	0.444401
chr11	17800331	17801676	Pmex	0.536842	0.845609	18	-1.092954	-0.565912	-0.565912	0.210526	0.797898	0.466165	0.213793	-1.003353	-0.800884	-0.800884
chr11	17801968	17814501	Plat	3.686154	4.717033	116	-0.794505	-0.309349	-0.309349	4.120000	-0.284989	-0.050357	-0.050357	-0.211298	-0.138297	-0.138297
chr11	17801968	17814501	Pmex	2.189474	3.664305	116	-1.527744	-0.623791	-0.623791	4.368421	-1.805921	-0.325216	-0.325216	0.302940	0.217102	0.162400
chr11	17814606	17821212	Plat	2.332698	2.882631	69	-0.657385	-0.270894	-0.270894	2.064348	0.265317	0.052133	0.048985	-0.457303	-0.310055	-0.310055
chr11	17814606	17821212	Pmex	1.221053	1.691218	69	-0.958183	-0.430863	-0.430863	1.578947	-0.542185	-0.105263	-0.105263	-0.098132	-0.075823	-0.075823
chr11	17821338	17825104	Plat	1.520000	2.358516	47	-1.191022	-0.503248	-0.503248	0.680000	0.973153	0.364000	0.184211	-1.124612	-0.749834	-0.749834
chr11	17821338	17825104	Pmex	1.221053	1.127478	47	0.265255	0.128628	0.095700	0.842105	0.764809	0.105263	0.200000	-0.354784	-0.311219	-0.311219
chr11	19878909	19895762	Plat	4.403077	6.289377	120	-1.115390	-0.424534	-0.424534	4.560000	-0.080232	-0.011930	-0.011930	-0.465849	-0.303966	-0.303966
chr11	19878909	19895762	Pmex	3.563158	4.509914	120	-0.810826	-0.325355	-0.325355	5.631579	-1.440564	-0.246241	-0.246241	0.396504	0.281571	0.204307
chr11	19895848	19898253	Plat	0.366154	0.786172	30	-1.413417	-0.756241	-0.756241	0.120000	0.622368	0.320000	0.161943	-1.125229	-0.892786	-0.892786
chr11	19895848	19898253	Pmex	1.517957	1.127478	30	1.106891	0.545081	0.398089	1.089783	0.864159	0.165389	0.220223	-0.046864	-0.039128	-0.039128
chr11	19898389	19914169	Plat	1.953846	2.358516	71	-0.574790	-0.242869	-0.242869	2.160000	-0.238832	-0.038841	-0.038841	-0.133007	-0.093705	-0.093705
chr11	19898389	19914169	Pmex	1.810526	1.973087	71	-0.290818	-0.127690	-0.127690	1.684211	0.170680	0.029376	0.036923	-0.219982	-0.168941	-0.168941
chr11	19938833	19946928	Plat	2.040000	3.930861	75	-1.718494	-0.680897	-0.680897	2.120000	-0.061332	-0.013684	-0.013684	-0.760291	-0.496009	-0.496009
chr11	19938833	19946928	Pmex	1.978947	1.973087	75	0.010484	0.004603	0.003425	2.736842	-1.024078	-0.176255	-0.176255	0.581605	0.446659	0.252321
chr11	20514631	20516745	Plat	0.661538	1.310287	23	-1.488692	-0.700841	-0.700841	1.280000	-1.107603	-0.171064	-0.171064	-0.033820	-0.026330	-0.026330
chr11	20516766	20517931	Pmex	0.336842	0.281870	6	0.414529	0.302263	0.224886	0.210526	0.598756	0.140351	0.266667	-0.256864	-0.311219	-0.311219
chr12	285146	312446	Plat	0.076923	0.262057	25	-1.280912	-1.000000	-1.000000	1.000000	-4.507956	-1.000000	-1.000000	2.726143	3.323207	1.000000
chr12	285146	312446	Pmex	0.100000	0.281870	25	-1.371416	-1.000000	-1.000000	NA	NA	NA	NA	NA	NA	NA
chr12	9783826	9794960	Plat	1.895385	2.096459	55	-0.315412	-0.135763	-0.135763	2.880000	-1.249026	-0.182857	-0.182857	0.583064	0.422062	0.200726
chr12	9783826	9794960	Pmex	1.900000	2.536827	55	-0.916433	-0.389062	-0.389062	1.000000	1.002842	0.428571	0.196552	-0.931020	-0.646015	-0.646015
chr12	9796708	9797272	Plat	0.076923	0.262057	3	-1.280912	-1.000000	-1.000000	1.000000	-4.507956	-1.000000	-1.000000	2.726143	3.323207	1.000000
chr12	22453941	22476589	Plat	4.784615	6.027320	186	-0.764460	-0.291846	-0.291846	5.800000	-0.539022	-0.071351	-0.071351	-0.063772	-0.042195	-0.042195
chr12	22453941	22476589	Pmex	5.805263	5.637392	186	0.116822	0.046151	0.034337	7.526316	-0.989225	-0.122932	-0.122932	0.539487	0.393913	0.182283
chr12	22637947	22639111	Plat	1.175385	1.310287	21	-0.309562	-0.145735	-0.145735	0.680000	0.887184	0.137021	0.203026	-0.703814	-0.547939	-0.547939
chr12	22637947	22639111	Pmex	0.521053	0.281870	21	1.803597	1.315135	0.978469	0.578947	-0.274430	-0.064327	-0.064327	1.069596	1.295936	0.413682
chr12	22639257	22639368	Plat	0.369231	0.262057	3	0.741514	0.578895	0.415493	0.240000	0.631114	0.140000	0.269231	-0.081485	-0.099332	-0.099332
chr12	22640091	22640184	Plat	0.147692	0.262057	3	-0.791272	-0.617741	-0.617741	0.080000	0.330583	0.073333	0.141026	-0.672565	-0.819866	-0.819866
chr12	22640419	22641412	Plat	0.446154	0.524115	12	-0.347522	-0.210552	-0.210552	0.240000	0.672141	0.243636	0.206154	-0.651619	-0.586875	-0.586875
chr12	22642835	22643785	Plat	0.443077	0.262057	18	1.252443	0.977774	0.701782	0.320000	0.601061	0.133333	0.256410	0.214054	0.260935	0.078519
chr12	22642835	22643785	Pmex	0.842105	1.409348	18	-1.344116	-0.623791	-0.623791	2.315789	-2.546173	-0.589474	-0.589474	0.930115	0.724311	0.569855
chr12	22643860	22643956	Pmex	0.200000	0.563739	3	-1.730328	-1.000000	-1.000000	2.000000	-5.684780	-1.000000	-1.000000	3.129042	3.132684	1.000000
chr12	22644128	22644233	Plat	0.212308	0.262057	1	-0.344209	-0.268722	-0.268722	0.120000	0.450796	0.100000	0.192308	-0.524795	-0.639733	-0.639733
chr12	22644595	22660507	Plat	8.843077	8.385836	169	0.206408	0.077181	0.055395	7.160000	0.664884	0.108317	0.105721	-0.250480	-0.159909	-0.159909
chr12	22644595	22660507	Pmex	4.268421	3.946175	169	0.312004	0.126561	0.094162	3.263158	0.783431	0.104715	0.148062	-0.274027	-0.202842	-0.202842
chr13	16960246	16966336	Plat	2.027692	2.620574	39	-0.769611	-0.320244	-0.320244	1.160000	0.925529	0.120000	0.177806	-0.890038	-0.634874	-0.634874
chr13	16960246	16966336	Pmex	3.002167	2.254957	39	1.191674	0.517514	0.381490	3.773994	-0.942275	-0.107364	-0.107364	1.024969	0.831114	0.264408
chr13	25922563	25924193	Plat	0.443077	0.786172	13	-1.154561	-0.617741	-0.617741	1.120000	-1.711511	-0.244444	-0.244444	0.563867	0.501114	0.150792
chr13	25922563	25924193	Pmex	0.394118	0.563739	13	-0.806899	-0.481021	-0.481021	0.176471	0.687375	0.275891	0.218323	-0.843705	-0.766997	-0.766997
chr13	25924535	25963642	Plat	24.276923	30.660713	357	-0.821164	-0.294717	-0.294717	31.440000	-0.831465	-0.108531	-0.108531	0.044682	0.028173	0.017576
chr13	25924535	25963642	Pmex	26.953216	29.878179	357	-0.405455	-0.151812	-0.151812	29.263158	-0.281569	-0.038251	-0.038251	-0.034271	-0.023527	-0.023527
chr15	4905376	4907200	Pmex	0.189474	0.281870	5	-0.696726	-0.508034	-0.508034	0.105263	0.399170	0.093567	0.177778	-0.635852	-0.770406	-0.770406
chr15	15275698	15277979	Plat	1.495385	2.096459	35	-0.942866	-0.405837	-0.405837	1.920000	-0.538642	-0.125455	-0.125455	-0.131310	-0.091125	-0.091125
chr15	15275698	15277979	Pmex	4.500000	3.382435	35	1.244705	0.512072	0.380985	5.578947	-0.955038	-0.110097	-0.110097	1.018796	0.783493	0.288348
chr15	15278130	15279107	Plat	0.507692	0.262057	17	1.699505	1.326793	0.952285	0.440000	0.330583	0.073333	0.141026	0.657364	0.801336	0.241133
chr15	15278130	15279107	Pmex	0.289474	0.563739	17	-1.304697	-0.754017	-0.754017	0.105263	0.581776	0.230263	0.184211	-0.998837	-0.897024	-0.897024
chr15	15279202	15279364	Plat	0.076923	0.262057	11	-1.280912	-1.000000	-1.000000	NA	NA	NA	NA	NA	NA	NA
chr15	15279202	15279364	Pmex	0.100000	0.281870	11	-1.371416	-1.000000	-1.000000	NA	NA	NA	NA	NA	NA	NA
chr15	15281295	15288505	Plat	1.086154	1.572344	47	-0.965594	-0.437692	-0.437692	1.600000	-0.807645	-0.202424	-0.202424	0.026452	0.019042	0.019371
chr15	15281295	15288505	Pmex	1.305263	1.973087	47	-1.194721	-0.524571	-0.524571	1.631579	-0.440923	-0.061569	-0.061569	-0.260061	-0.206063	-0.206063
chr15	15288600	15295115	Plat	2.815385	2.882631	61	-0.080386	-0.033021	-0.033021	1.960000	0.845716	0.104906	0.159587	-0.515618	-0.365742	-0.365742
chr15	15288600	15295115	Pmex	4.100000	3.664305	61	0.451326	0.184280	0.137106	5.473684	-1.138516	-0.128382	-0.128382	0.778470	0.596618	0.217064
chr15	15295196	15297317	Plat	1.055385	1.048230	17	0.019486	0.009662	0.006935	0.720000	0.700849	0.124571	0.171115	-0.440802	-0.353608	-0.353608
chr15	15295196	15297317	Pmex	1.215789	1.127478	17	0.250336	0.121393	0.090317	1.631579	-0.839165	-0.115497	-0.115497	0.626713	0.549757	0.175491
chr15	15297417	15298048	Plat	0.147692	0.262057	7	-0.791272	-0.617741	-0.617741	0.080000	0.330583	0.073333	0.141026	-0.672565	-0.819866	-0.819866
chr15	15298185	15299519	Plat	0.212308	0.262057	6	-0.344209	-0.268722	-0.268722	0.120000	0.450796	0.100000	0.192308	-0.524795	-0.639733	-0.639733
chr15	15298185	15299519	Pmex	0.478947	0.281870	6	1.486095	1.083621	0.806221	0.368421	0.523911	0.122807	0.233333	0.311619	0.377561	0.120523
chr15	15299779	15300866	Plat	0.224615	0.524115	11	-1.335063	-0.808871	-0.808871	0.080000	0.471502	0.170909	0.144615	-1.018580	-0.917375	-0.917375
chr15	15299779	15300866	Pmex	0.584211	0.563739	11	0.097383	0.056280	0.041873	1.210526	-1.978038	-0.347953	-0.347953	1.409092	1.410733	0.450327
chr15	15301242	15303084	Pmex	0.189474	0.281870	6	-0.696726	-0.508034	-0.508034	0.105263	0.399170	0.093567	0.177778	-0.635852	-0.770406	-0.770406
chr15	15303175	15306464	Plat	1.403077	1.572344	37	-0.336172	-0.152382	-0.152382	0.880000	0.822153	0.147826	0.176715	-0.662219	-0.490209	-0.490209
chr15	15303175	15306464	Pmex	1.289474	1.409348	37	-0.284049	-0.131825	-0.131825	2.210526	-1.591358	-0.263158	-0.263158	0.822103	0.668305	0.309257
chr15	15306623	15307207	Plat	0.076923	0.262057	12	-1.280912	-1.000000	-1.000000	NA	NA	NA	NA	NA	NA	NA
chr15	15306623	15307207	Pmex	1.700000	1.127478	12	1.622931	0.786995	0.585529	2.263158	-1.136591	-0.156433	-0.156433	1.411910	1.238537	0.395360
chr15	15307473	15307965	Pmex	0.505263	0.281870	7	1.684534	1.228317	0.913876	0.421053	0.399170	0.093567	0.177778	0.501113	0.607155	0.193813
chr15	15308412	15309210	Plat	0.566154	0.786172	16	-0.740391	-0.396142	-0.396142	0.320000	0.622368	0.088889	0.170940	-0.787409	-0.699777	-0.699777
chr15	15308412	15309210	Pmex	0.268421	0.281870	16	-0.101411	-0.073946	-0.073946	0.894737	-2.968831	-0.695906	-0.695906	2.206561	2.673497	0.853421
chr15	15309456	15310313	Plat	1.015385	1.310287	11	-0.676716	-0.318582	-0.318582	0.960000	0.099188	0.021176	0.022333	-0.391150	-0.294288	-0.294288
chr15	15309456	15310313	Pmex	0.289474	0.563739	11	-1.304697	-0.754017	-0.754017	0.105263	0.581776	0.230263	0.184211	-0.998837	-0.897024	-0.897024
chr15	15310419	15310541	Plat	0.147692	0.262057	1	-0.791272	-0.617741	-0.617741	0.080000	0.330583	0.073333	0.141026	-0.672565	-0.819866	-0.819866
chr15	15310700	15311408	Plat	0.076923	0.262057	4	-1.280912	-1.000000	-1.000000	NA	NA	NA	NA	NA	NA	NA
chr15	15311568	15312137	Plat	1.532308	1.834402	14	-0.529345	-0.233108	-0.233108	0.880000	0.915210	0.146207	0.189624	-0.798757	-0.583946	-0.583946
chr15	15311568	15312137	Pmex	0.526316	0.563739	14	-0.178025	-0.102885	-0.102885	1.789474	-3.989319	-0.701754	-0.701754	2.670389	2.673497	0.853421
chr15	15312321	15312478	Plat	0.661538	1.310287	9	-1.488692	-0.700841	-0.700841	0.280000	0.683297	0.145882	0.153846	-1.150477	-0.865579	-0.865579
chr15	15312321	15312478	Pmex	0.289474	0.563739	9	-1.304697	-0.754017	-0.754017	0.947368	-2.077771	-0.822368	-0.822368	0.835776	0.750584	0.879358
chr15	15312829	15313986	Pmex	0.794737	0.563739	11	1.098869	0.635064	0.472492	0.684211	0.349065	0.061404	0.116667	0.262459	0.262765	0.083878
chr15	15314172	15315138	Plat	0.270769	0.262057	9	0.060276	0.047057	0.033774	0.160000	0.540955	0.120000	0.230769	-0.377025	-0.459599	-0.459599
chr15	15314172	15315138	Pmex	0.289474	0.563739	9	-1.304697	-0.754017	-0.754017	0.105263	0.581776	0.230263	0.184211	-0.998837	-0.897024	-0.897024
chr15	15315231	15315838	Plat	0.661538	0.786172	5	-0.419409	-0.224402	-0.224402	1.600000	-2.372776	-0.530435	-0.530435	1.374633	1.152450	0.670464
chr15	15315932	15316228	Plat	0.787692	1.310287	10	-1.199205	-0.564557	-0.564557	3.360000	-4.606745	-0.557333	-0.557333	2.288827	1.846111	0.555521
chr15	15315932	15316228	Pmex	0.100000	0.281870	10	-1.371416	-1.000000	-1.000000	NA	NA	NA	NA	NA	NA	NA
chr15	15316419	15317298	Plat	0.640000	0.524115	4	0.516576	0.312976	0.224634	0.480000	0.521662	0.086667	0.166667	-0.101177	-0.099332	-0.099332
chr15	15316419	15317298	Pmex	0.189474	0.281870	4	-0.696726	-0.508034	-0.508034	0.105263	0.399170	0.093567	0.177778	-0.635852	-0.770406	-0.770406
chr15	15317466	15318397	Plat	0.147692	0.262057	7	-0.791272	-0.617741	-0.617741	0.080000	0.330583	0.073333	0.141026	-0.672565	-0.819866	-0.819866
chr15	15318464	15318555	Plat	0.076923	0.262057	3	-1.280912	-1.000000	-1.000000	NA	NA	NA	NA	NA	NA	NA
chr15	15318643	15319603	Plat	0.076923	0.262057	7	-1.280912	-1.000000	-1.000000	NA	NA	NA	NA	NA	NA	NA
chr15	15318643	15319603	Pmex	0.394737	0.281870	7	0.851093	0.620594	0.461726	0.263158	0.623704	0.146199	0.277778	-0.067369	-0.081626	-0.081626
chr15	15320540	15322412	Plat	0.270769	0.262057	17	0.060276	0.047057	0.033774	0.160000	0.540955	0.120000	0.230769	-0.377025	-0.459599	-0.459599
chr15	15320540	15322412	Pmex	2.973684	2.254957	17	1.146249	0.493985	0.367528	3.000000	-0.032127	-0.003655	-0.003655	0.502717	0.406261	0.129685
chr15	15322415	15325210	Plat	0.501538	0.786172	28	-0.957830	-0.512481	-0.512481	0.240000	0.661266	0.147826	0.176715	-0.922537	-0.773426	-0.773426
chr15	15322415	15325210	Pmex	1.826316	1.973087	28	-0.262571	-0.115288	-0.115288	2.105263	-0.376918	-0.084530	-0.084530	0.100653	0.074991	0.065210
chr15	15326214	15328205	Plat	0.270769	0.262057	19	0.060276	0.047057	0.033774	0.160000	0.540955	0.120000	0.230769	-0.377025	-0.459599	-0.459599
chr15	15326214	15328205	Pmex	1.684211	1.691218	19	-0.014280	-0.006421	-0.006421	2.000000	-0.478399	-0.092879	-0.092879	0.269898	0.208539	0.133743
chr15	15329215	15335997	Plat	4.196923	4.717033	66	-0.400852	-0.156076	-0.156076	4.000000	0.129357	0.018551	0.022176	-0.253768	-0.169230	-0.169230
chr15	15329215	15335997	Pmex	3.536842	3.100566	66	0.525454	0.218077	0.162250	2.789474	0.709977	0.083974	0.142000	-0.156513	-0.120848	-0.120848
chr16	1005467	1006243	Plat	0.147692	0.262057	10	-0.791272	-0.617741	-0.617741	0.080000	0.330583	0.073333	0.141026	-0.672565	-0.819866	-0.819866
chr16	1005467	1006243	Pmex	1.410526	1.127478	10	0.802358	0.389081	0.289479	0.947368	0.934766	0.128655	0.244444	-0.223918	-0.196422	-0.196422
chr16	1007851	1020938	Plat	5.316923	4.192918	123	0.963918	0.379456	0.272349	5.440000	-0.089370	-0.012598	-0.012598	0.492966	0.332297	0.183204
chr16	1007851	1020938	Pmex	3.210526	2.818696	123	0.513782	0.215446	0.160293	1.631579	1.618997	0.394737	0.315789	-0.652543	-0.464527	-0.464527
chr16	5675490	5676556	Plat	0.618462	0.524115	8	0.420565	0.254806	0.182883	0.440000	0.581853	0.096667	0.185897	-0.192918	-0.189399	-0.189399
chr16	5675490	5676556	Pmex	0.478947	0.281870	8	1.486095	1.083621	0.806221	0.368421	0.523911	0.122807	0.233333	0.311619	0.377561	0.120523
chr16	5676870	5678200	Plat	0.153846	0.524115	12	-1.650527	-1.000000	-1.000000	NA	NA	NA	NA	NA	NA	NA
chr16	5678344	5678451	Plat	0.323077	0.262057	4	0.422184	0.329596	0.236562	0.200000	0.601061	0.133333	0.256410	-0.229255	-0.279466	-0.279466
chr16	5678344	5678451	Pmex	0.100000	0.281870	4	-1.371416	-1.000000	-1.000000	NA	NA	NA	NA	NA	NA	NA
chr16	5678499	5679966	Plat	0.076923	0.262057	6	-1.280912	-1.000000	-1.000000	1.000000	-4.507956	-1.000000	-1.000000	2.726143	3.323207	1.000000
chr16	5678499	5679966	Pmex	0.857895	0.563739	6	1.399314	0.808699	0.601677	1.421053	-1.778572	-0.312865	-0.312865	1.867746	1.869920	0.596907
chr16	5680111	5681591	Plat	0.153846	0.524115	18	-1.650527	-1.000000	-1.000000	NA	NA	NA	NA	NA	NA	NA
chr16	5680111	5681591	Pmex	1.631579	1.127478	18	1.428977	0.692942	0.515554	1.157895	0.956011	0.131579	0.250000	0.037814	0.033171	0.010589
chr16	5681633	5682459	Plat	0.956923	0.786172	15	0.574600	0.307436	0.220658	0.960000	-0.007780	-0.001739	-0.001739	0.293612	0.246155	0.143206
chr16	5681633	5682459	Pmex	0.478947	0.281870	15	1.486095	1.083621	0.806221	NA	NA	NA	NA	NA	NA	NA
chr16	5683627	5684733	Plat	1.624615	1.834402	33	-0.367598	-0.161880	-0.161880	1.120000	0.707993	0.113103	0.146691	-0.597896	-0.437103	-0.437103
chr16	5683627	5684733	Pmex	0.100000	0.281870	33	-1.371416	-1.000000	-1.000000	NA	NA	NA	NA	NA	NA	NA
chr16	5684870	5685599	Plat	0.224615	0.524115	6	-1.335063	-0.808871	-0.808871	0.080000	0.471502	0.170909	0.144615	-1.018580	-0.917375	-0.917375
chr16	5684870	5685599	Pmex	0.100000	0.281870	6	-1.371416	-1.000000	-1.000000	NA	NA	NA	NA	NA	NA	NA
chr16	5685680	5685770	Plat	0.076923	0.262057	1	-1.280912	-1.000000	-1.000000	NA	NA	NA	NA	NA	NA	NA
chr16	5686112	5686418	Plat	0.516923	0.262057	3	1.763371	1.376653	0.988071	0.560000	-0.210371	-0.046667	-0.046667	1.100674	1.341737	0.403748
chr16	5686747	5687619	Plat	0.076923	0.262057	19	-1.280912	-1.000000	-1.000000	NA	NA	NA	NA	NA	NA	NA
chr16	5686747	5687619	Pmex	0.794737	0.845609	19	-0.180074	-0.093239	-0.093239	1.105263	-0.759290	-0.115010	-0.115010	0.410222	0.377561	0.120523
chr16	5688078	5688457	Plat	0.076923	0.262057	16	-1.280912	-1.000000	-1.000000	NA	NA	NA	NA	NA	NA	NA
chr16	5688078	5688457	Pmex	0.336842	0.281870	16	0.414529	0.302263	0.224886	0.210526	0.598756	0.140351	0.266667	-0.256864	-0.311219	-0.311219
chr16	5688567	5689417	Plat	0.400000	0.524115	11	-0.553260	-0.335202	-0.335202	0.200000	0.652077	0.236364	0.200000	-0.743359	-0.669500	-0.669500
chr16	5689527	5694590	Plat	1.923077	2.620574	73	-0.905411	-0.376752	-0.376752	4.160000	-2.386026	-0.271776	-0.271776	0.938088	0.680989	0.241311
chr16	5689527	5694590	Pmex	2.563158	2.818696	73	-0.335071	-0.140506	-0.140506	2.736842	-0.178090	-0.034737	-0.034737	-0.044994	-0.032704	-0.032704
chr16	5694819	5695703	Plat	0.664615	0.524115	6	0.626302	0.379456	0.272349	0.640000	0.080256	0.013333	0.025641	0.265783	0.260935	0.078519
chr16	5695729	5695957	Plat	0.295385	0.524115	8	-1.019598	-0.617741	-0.617741	0.160000	0.441406	0.073333	0.141026	-0.835099	-0.819866	-0.819866
chr16	5695729	5695957	Pmex	0.436842	0.563739	8	-0.603657	-0.348868	-0.348868	0.210526	0.714753	0.282895	0.226316	-0.769511	-0.691073	-0.691073
chr16	5696151	5697132	Pmex	0.336842	0.281870	12	0.414529	0.302263	0.224886	0.210526	0.598756	0.140351	0.266667	-0.256864	-0.311219	-0.311219
chr16	5697301	5697452	Plat	0.470769	0.262057	3	1.444041	1.127354	0.809141	0.360000	0.540955	0.120000	0.230769	0.361824	0.441069	0.132724
chr16	5697543	5697950	Plat	0.507692	0.262057	11	1.699505	1.326793	0.952285	0.440000	0.330583	0.073333	0.141026	0.657364	0.801336	0.241133
chr16	5697543	5697950	Pmex	0.268421	0.281870	11	-0.101411	-0.073946	-0.073946	0.157895	0.523911	0.122807	0.233333	-0.446358	-0.540813	-0.540813
chr16	5698232	5701878	Plat	1.516923	2.620574	52	-1.432634	-0.596135	-0.596135	1.680000	-0.173947	-0.031176	-0.031176	-0.573162	-0.395104	-0.395104
chr16	5698232	5701878	Pmex	1.442105	2.254957	52	-1.296361	-0.558677	-0.558677	0.578947	1.053776	0.392344	0.212987	-1.130886	-0.799218	-0.799218
chr16	10093192	10095020	Plat	0.076923	0.262057	1	-1.280912	-1.000000	-1.000000	1.000000	-4.507956	-1.000000	-1.000000	2.726143	3.323207	1.000000
chr16	10095118	10095253	Pmex	0.626316	0.563739	4	0.297680	0.172037	0.127997	0.526316	0.315821	0.125000	0.100000	-0.081531	-0.073220	-0.073220
chr16	10095361	10095447	Plat	0.516923	0.262057	2	1.763371	1.376653	0.988071	0.560000	-0.210371	-0.046667	-0.046667	1.100674	1.341737	0.403748
chr16	10095361	10095447	Pmex	0.663158	0.563739	2	0.472940	0.273324	0.203355	1.157895	-1.562483	-0.274854	-0.274854	1.294429	1.295936	0.413682
chr16	10095567	10095831	Plat	0.507692	0.262057	2	1.699505	1.326793	0.952285	0.440000	0.330583	0.073333	0.141026	0.657364	0.801336	0.241133
chr16	10095567	10095831	Pmex	0.394737	0.281870	2	0.851093	0.620594	0.461726	0.263158	0.623704	0.146199	0.277778	-0.067369	-0.081626	-0.081626
chr16	20172313	20190294	Plat	3.689231	4.717033	99	-0.792134	-0.308425	-0.308425	4.280000	-0.388070	-0.046829	-0.046829	-0.154672	-0.105131	-0.105131
chr16	20172313	20190294	Pmex	3.121053	3.664305	99	-0.562743	-0.229773	-0.229773	3.315789	-0.161399	-0.029065	-0.029065	-0.149946	-0.107459	-0.107459
chr16	23105519	23121324	Plat	2.421538	4.454975	31	-1.650767	-0.646093	-0.646093	4.720000	-1.585368	-0.181091	-0.181091	0.098976	0.068043	0.027766
chr16	23105519	23121324	Pmex	0.368421	0.563739	31	-0.929140	-0.536973	-0.536973	0.157895	0.664887	0.263158	0.210526	-0.884174	-0.794049	-0.794049
chr16	23121467	23128093	Plat	2.630769	2.882631	32	-0.301073	-0.123675	-0.123675	1.760000	0.860927	0.095126	0.163678	-0.627389	-0.452194	-0.452194
chr16	23121467	23128093	Pmex	0.400000	1.127478	32	-2.062188	-1.000000	-1.000000	1.000000	-1.210947	-1.000000	-1.000000	-0.158485	-0.118601	-0.118601
chr16	23128146	23133304	Plat	3.073846	3.668803	29	-0.575132	-0.229547	-0.229547	1.640000	1.164348	0.180971	0.207203	-0.908231	-0.613153	-0.613153
chr16	23128146	23133304	Pmex	1.152632	0.845609	29	1.086781	0.562716	0.418664	1.052632	0.244517	0.058824	0.067857	0.327071	0.279630	0.179335
chr16	23133396	23134837	Plat	0.443077	0.786172	10	-1.154561	-0.617741	-0.617741	1.120000	-1.711511	-0.244444	-0.244444	0.563867	0.501114	0.150792
chr16	23133396	23134837	Pmex	0.189474	0.281870	10	-0.696726	-0.508034	-0.508034	0.105263	0.399170	0.093567	0.177778	-0.635852	-0.770406	-0.770406
chr16	23134897	23135827	Plat	0.295385	0.524115	4	-1.019598	-0.617741	-0.617741	0.160000	0.441406	0.073333	0.141026	-0.835099	-0.819866	-0.819866
chr16	23134897	23135827	Pmex	0.442105	0.281870	4	1.208282	0.881047	0.655505	0.315789	0.598756	0.140351	0.266667	0.122125	0.147968	0.047234
chr16	23135880	23141211	Plat	0.224615	0.524115	7	-1.335063	-0.808871	-0.808871	0.080000	0.471502	0.170909	0.144615	-1.018580	-0.917375	-0.917375
chr16	23135880	23141211	Pmex	0.100000	0.281870	7	-1.371416	-1.000000	-1.000000	NA	NA	NA	NA	NA	NA	NA
chr16	23141343	23142876	Plat	0.323077	0.262057	3	0.422184	0.329596	0.236562	0.200000	0.601061	0.133333	0.256410	-0.229255	-0.279466	-0.279466
chr16	23142915	23145790	Plat	1.310357	1.834402	11	-0.918259	-0.406384	-0.406384	2.360000	-1.472685	-0.235603	-0.235603	0.439883	0.321585	0.166034
chr16	23142915	23145790	Pmex	0.505263	0.281870	11	1.684534	1.228317	0.913876	NA	NA	NA	NA	NA	NA	NA
chr16	23145848	23149947	Plat	0.787692	0.786172	10	0.005116	0.002737	0.001964	1.040000	-0.637927	-0.091111	-0.091111	0.428740	0.381024	0.114656
chr16	23145848	23149947	Pmex	0.189474	0.281870	10	-0.696726	-0.508034	-0.508034	0.105263	0.399170	0.093567	0.177778	-0.635852	-0.770406	-0.770406
chr16	23150025	23152147	Plat	0.323077	0.262057	5	0.422184	0.329596	0.236562	0.200000	0.601061	0.133333	0.256410	-0.229255	-0.279466	-0.279466
chr16	23152191	23156221	Plat	0.495385	0.786172	10	-0.978539	-0.523561	-0.523561	1.120000	-1.579258	-0.353043	-0.353043	0.563867	0.472729	0.275021
chr16	23152191	23156221	Pmex	0.436842	0.563739	10	-0.603657	-0.348868	-0.348868	0.210526	0.714753	0.282895	0.226316	-0.769511	-0.691073	-0.691073
chr17	575952	608586	Plat	3.270769	4.454975	102	-0.961352	-0.376263	-0.376263	1.680000	1.097236	0.183009	0.188480	-1.036341	-0.684338	-0.684338
chr17	575952	608586	Pmex	3.568421	3.382435	102	0.207145	0.085219	0.063404	3.157895	0.363380	0.060372	0.069643	-0.104147	-0.075823	-0.075823
chr18	20989677	20995216	Plat	2.215385	1.572344	35	1.277104	0.578895	0.415493	2.800000	-0.918877	-0.105556	-0.105556	1.174239	0.921425	0.277270
chr18	20989677	20995216	Pmex	1.778947	1.409348	35	0.875788	0.406444	0.302397	1.052632	1.254900	0.484211	0.287500	-0.366033	-0.273538	-0.273538
chr18	20996320	20997562	Plat	0.443077	0.262057	5	1.252443	0.977774	0.701782	0.720000	-1.352387	-0.300000	-0.300000	1.691753	2.062272	0.620567
chr18	20996320	20997562	Pmex	0.189474	0.281870	5	-0.696726	-0.508034	-0.508034	0.105263	0.399170	0.093567	0.177778	-0.635852	-0.770406	-0.770406
chr18	20997695	20999247	Plat	0.323077	0.262057	11	0.422184	0.329596	0.236562	0.840000	-2.524456	-0.560000	-0.560000	2.135063	2.602672	0.783181
chr18	20997695	20999247	Pmex	1.731579	1.127478	11	1.712448	0.830403	0.617826	1.631579	0.201825	0.027778	0.052778	0.626713	0.549757	0.175491
chr18	20999324	21005262	Plat	1.153846	1.310287	16	-0.358987	-0.169002	-0.169002	0.680000	0.848611	0.181176	0.191067	-0.703814	-0.529525	-0.529525
chr18	20999324	21005262	Pmex	0.289474	0.563739	16	-1.304697	-0.754017	-0.754017	0.105263	0.581776	0.230263	0.184211	-0.998837	-0.897024	-0.897024
chr18	21005340	21007022	Plat	0.910769	1.310287	12	-0.916779	-0.431598	-0.431598	1.440000	-0.947799	-0.202353	-0.202353	0.144845	0.108976	0.076766
chr18	21005340	21007022	Pmex	0.368421	0.563739	12	-0.929140	-0.536973	-0.536973	0.157895	0.664887	0.263158	0.210526	-0.884174	-0.794049	-0.794049
chr18	26662003	26662445	Plat	0.803077	0.786172	9	0.056887	0.030437	0.021846	0.520000	0.715723	0.102222	0.196581	-0.449590	-0.399555	-0.399555
chr18	26662522	26663185	Plat	0.418462	0.524115	15	-0.470965	-0.285342	-0.285342	0.240000	0.581853	0.096667	0.185897	-0.651619	-0.639733	-0.639733
chr18	26662522	26663185	Pmex	0.436842	0.563739	15	-0.603657	-0.348868	-0.348868	1.210526	-2.443458	-0.429825	-0.429825	1.409092	1.410733	0.450327
chr18	26663651	26664423	Pmex	0.189474	0.281870	11	-0.696726	-0.508034	-0.508034	0.105263	0.399170	0.093567	0.177778	-0.635852	-0.770406	-0.770406
chr18	26664631	26678851	Plat	3.316923	4.717033	81	-1.079074	-0.420148	-0.420148	2.880000	0.287010	0.050714	0.048764	-0.650152	-0.425531	-0.425531
chr18	26664631	26678851	Pmex	2.489474	2.818696	81	-0.431688	-0.181021	-0.181021	3.526316	-1.063141	-0.207368	-0.207368	0.388970	0.282719	0.222431
chr18	26678982	26683825	Plat	0.920000	1.310287	55	-0.895597	-0.421626	-0.421626	0.520000	0.716360	0.152941	0.161290	-0.882479	-0.663947	-0.663947
chr18	26678982	26683825	Pmex	1.689474	1.973087	55	-0.507378	-0.222776	-0.222776	2.684211	-1.344103	-0.157895	-0.157895	0.541525	0.443160	0.141463
chr18	26683980	26690555	Plat	3.141538	3.930861	82	-0.717369	-0.284234	-0.284234	5.120000	-1.516780	-0.182411	-0.182411	0.499261	0.344592	0.147369
chr18	26683980	26690555	Pmex	2.215789	3.100566	82	-1.065630	-0.442263	-0.442263	1.947368	0.254992	0.045495	0.049515	-0.580184	-0.422085	-0.422085
chr19	752415	764831	Plat	3.830769	3.406746	71	0.437779	0.176181	0.126451	3.880000	-0.042501	-0.006154	-0.006154	0.226901	0.155331	0.084612
chr19	752415	764831	Pmex	1.252632	1.127478	71	0.354772	0.172037	0.127997	0.894737	0.722319	0.137652	0.183784	-0.289351	-0.240043	-0.240043
chr19	764977	767685	Plat	0.224615	0.524115	21	-1.335063	-0.808871	-0.808871	0.080000	0.471502	0.170909	0.144615	-1.018580	-0.917375	-0.917375
chr19	764977	767685	Pmex	0.921053	0.563739	21	1.699760	0.982334	0.730863	1.421053	-1.579106	-0.277778	-0.277778	1.867746	1.869920	0.596907
chr19	2269985	2271352	Plat	1.132308	1.048230	23	0.228972	0.113537	0.081489	1.800000	-1.395268	-0.248000	-0.248000	1.009604	0.809897	0.385174
chr19	2269985	2271352	Pmex	0.442105	0.281870	23	1.208282	0.881047	0.655505	0.315789	0.598756	0.140351	0.266667	0.122125	0.147968	0.047234
chr19	2271623	2272575	Plat	0.880000	0.524115	6	1.586411	0.961154	0.689854	1.120000	-0.782492	-0.130000	-0.130000	1.366666	1.341737	0.403748
chr19	2271623	2272575	Pmex	0.394737	0.281870	6	0.851093	0.620594	0.461726	0.263158	0.623704	0.146199	0.277778	-0.067369	-0.081626	-0.081626
chr19	2272630	2273312	Plat	0.541538	0.524115	7	0.077669	0.047057	0.033774	0.160000	1.243962	0.450909	0.381538	-0.835099	-0.752125	-0.752125
chr19	2272630	2273312	Pmex	0.442105	0.281870	7	1.208282	0.881047	0.655505	0.736842	-1.397097	-0.327485	-0.327485	1.638079	1.984716	0.633551
chr19	2273393	2275021	Plat	0.966154	1.048230	17	-0.223519	-0.110833	-0.110833	1.120000	-0.321490	-0.090909	-0.090909	0.096385	0.074125	0.075407
chr19	2273393	2275021	Pmex	0.521053	0.281870	17	1.803597	1.315135	0.978469	0.473684	0.224533	0.052632	0.100000	0.690607	0.836749	0.267103
chr19	2275082	2279407	Plat	1.661538	1.572344	38	0.177143	0.080297	0.057632	1.120000	0.851170	0.153043	0.182952	-0.432662	-0.320279	-0.320279
chr19	2275082	2279407	Pmex	1.942105	1.409348	38	1.262400	0.585867	0.435889	1.789474	0.263711	0.043609	0.063043	0.390053	0.317083	0.146730
chr19	8441769	8464720	Plat	3.889231	4.717033	129	-0.637993	-0.248409	-0.248409	5.160000	-0.834755	-0.132160	-0.132160	0.156772	0.103569	0.070503
chr19	8441769	8464720	Pmex	4.831579	5.073653	129	-0.185875	-0.073946	-0.073946	6.157895	-0.835206	-0.118421	-0.118421	0.342556	0.247011	0.136790
chr19	8464816	8465826	Plat	0.643077	1.048230	16	-1.103362	-0.547106	-0.547106	0.320000	0.675130	0.120000	0.164835	-0.977989	-0.784536	-0.784536
chr19	8464816	8465826	Pmex	0.189474	0.281870	16	-0.696726	-0.508034	-0.508034	0.105263	0.399170	0.093567	0.177778	-0.635852	-0.770406	-0.770406
chr19	8466643	8466746	Pmex	0.268421	0.281870	1	-0.101411	-0.073946	-0.073946	0.157895	0.523911	0.122807	0.233333	-0.446358	-0.540813	-0.540813
chr19	8467312	8468926	Plat	0.910769	1.048230	23	-0.374349	-0.185622	-0.185622	1.520000	-1.273101	-0.165000	-0.165000	0.633573	0.531136	0.159826
chr19	8467312	8468926	Pmex	0.436842	0.563739	23	-0.603657	-0.348868	-0.348868	0.210526	0.714753	0.282895	0.226316	-0.769511	-0.691073	-0.691073
chr19	8469213	8469342	Pmex	0.189474	0.281870	3	-0.696726	-0.508034	-0.508034	0.105263	0.399170	0.093567	0.177778	-0.635852	-0.770406	-0.770406
chr19	8469445	8471126	Pmex	0.442105	0.281870	1	1.208282	0.881047	0.655505	0.315789	0.598756	0.140351	0.266667	0.122125	0.147968	0.047234
chr19	8471410	8488869	Plat	8.750769	9.172008	160	-0.174670	-0.065009	-0.065009	7.960000	0.287888	0.033927	0.046082	-0.227097	-0.149042	-0.149042
chr19	8471410	8488869	Pmex	4.468421	5.073653	160	-0.464723	-0.184880	-0.184880	6.157895	-1.063894	-0.165635	-0.165635	0.342556	0.244085	0.156539
chr19	8491628	8510651	Plat	9.126154	11.530525	244	-0.801300	-0.295163	-0.295163	8.240000	0.261229	0.033295	0.040874	-0.493646	-0.318524	-0.318524
chr19	8491628	8510651	Pmex	6.400000	7.892349	244	-0.755608	-0.293057	-0.293057	8.105263	-0.727310	-0.120089	-0.120089	0.043939	0.030427	0.023377
chr19	24074904	24084300	Plat	2.000000	3.930861	107	-1.754847	-0.695301	-0.695301	0.640000	1.042639	0.477838	0.178010	-1.381670	-0.872708	-0.872708
chr19	24074904	24084300	Pmex	4.921053	5.073653	107	-0.117173	-0.046615	-0.046615	3.842105	0.679434	0.105779	0.122024	-0.389097	-0.277246	-0.277246
chr1	2454046	2465001	Plat	4.412308	4.717033	124	-0.234854	-0.091443	-0.091443	5.240000	-0.543702	-0.086080	-0.086080	0.185086	0.122273	0.083236
chr1	2454046	2465001	Pmex	2.789474	3.946175	124	-1.119935	-0.454290	-0.454290	4.105263	-1.025433	-0.152999	-0.152999	0.063827	0.046519	0.026279
chr1	4635137	4648558	Plat	7.630769	8.385836	159	-0.340853	-0.127453	-0.127453	8.920000	-0.509298	-0.065984	-0.065984	0.109148	0.071166	0.039236
chr1	4635137	4648558	Pmex	14.373684	12.684133	159	0.541981	0.206442	0.153595	15.631579	-0.347060	-0.036461	-0.036461	0.382721	0.277237	0.112003
chr1	9296539	9310386	Plat	5.713846	6.551434	149	-0.476796	-0.180969	-0.180969	5.040000	0.332285	0.055796	0.054168	-0.391558	-0.252266	-0.252266
chr1	9296539	9310386	Pmex	2.873684	3.100566	149	-0.273257	-0.113409	-0.113409	2.315789	0.529983	0.143050	0.100952	-0.394828	-0.276582	-0.276582
chr1	9899614	9899778	Pmex	0.505263	0.281870	2	1.684534	1.228317	0.913876	0.631579	-0.598756	-0.140351	-0.140351	1.259090	1.525529	0.486972
chr1	9900120	9902699	Plat	1.335385	1.310287	26	0.057592	0.027113	0.019460	1.000000	0.600640	0.092766	0.137453	-0.346484	-0.269747	-0.269747
chr1	9900120	9902699	Pmex	1.221053	1.409348	26	-0.446177	-0.207066	-0.207066	2.157895	-1.618639	-0.267669	-0.267669	0.768097	0.624402	0.288941
chr1	9902942	9903100	Pmex	0.289474	0.563739	6	-1.304697	-0.754017	-0.754017	0.947368	-2.077771	-0.822368	-0.822368	0.835776	0.750584	0.879358
chr1	9903160	9903230	Pmex	0.268421	0.281870	3	-0.101411	-0.073946	-0.073946	0.157895	0.523911	0.122807	0.233333	-0.446358	-0.540813	-0.540813
chr1	9903272	9903359	Plat	0.153846	0.524115	4	-1.650527	-1.000000	-1.000000	NA	NA	NA	NA	NA	NA	NA
chr1	9903272	9903359	Pmex	0.794737	0.563739	4	1.098869	0.635064	0.472492	1.421053	-1.978038	-0.347953	-0.347953	1.867746	1.869920	0.596907
chr1	9903426	9903631	Pmex	1.321053	1.127478	7	0.548726	0.266089	0.197972	2.473684	-2.326294	-0.320175	-0.320175	1.673643	1.468131	0.468649
chr1	30205630	30217720	Plat	1.683077	1.310287	26	0.855447	0.402724	0.289049	2.320000	-1.140665	-0.176170	-0.176170	1.127503	0.877792	0.375398
chr1	30205630	30217720	Pmex	0.542105	0.563739	26	-0.102914	-0.059477	-0.059477	0.315789	0.714753	0.282895	0.226316	-0.540184	-0.485122	-0.485122
chr1	30217840	30218848	Pmex	0.436842	0.563739	7	-0.603657	-0.348868	-0.348868	0.210526	0.714753	0.282895	0.226316	-0.769511	-0.691073	-0.691073
chr1	30219647	30221799	Plat	0.400000	0.524115	7	-0.553260	-0.335202	-0.335202	0.200000	0.652077	0.236364	0.200000	-0.743359	-0.669500	-0.669500
chr1	30219647	30221799	Pmex	0.100000	0.281870	7	-1.371416	-1.000000	-1.000000	NA	NA	NA	NA	NA	NA	NA
chr1	30223084	30228448	Plat	1.978462	2.620574	42	-0.833517	-0.346836	-0.346836	1.920000	0.062358	0.013818	0.011692	-0.426912	-0.289425	-0.289425
chr1	30223084	30228448	Pmex	1.394737	1.409348	42	-0.034622	-0.016068	-0.016068	0.526316	1.500423	0.347368	0.351064	-0.906095	-0.705605	-0.705605
chr20	22405770	22417277	Plat	3.381538	3.930861	81	-0.499247	-0.197810	-0.197810	2.120000	0.967153	0.184270	0.168655	-0.760291	-0.501504	-0.501504
chr20	22405770	22417277	Pmex	3.884211	3.100566	81	0.943827	0.391712	0.291436	4.000000	-0.109996	-0.014657	-0.014657	0.452514	0.342396	0.152461
chr20	22417333	22418370	Plat	0.899487	1.048230	14	-0.405074	-0.307238	-0.307238	0.120000	1.628884	1.788235	0.367683	-1.246582	-0.920653	-0.920653
chr20	22417333	22418370	Pmex	0.605263	0.563739	14	0.197532	0.114159	0.084935	0.157895	1.412884	0.559211	0.447368	-0.884174	-0.794049	-0.794049
chr20	22418433	22419401	Plat	0.618462	0.524115	9	0.420565	0.254806	0.182883	0.440000	0.581853	0.096667	0.185897	-0.192918	-0.189399	-0.189399
chr20	22418433	22419401	Pmex	0.494737	0.563739	9	-0.328248	-0.189703	-0.189703	0.263158	0.731375	0.289474	0.231579	-0.654847	-0.588098	-0.588098
chr20	28860166	28860394	Plat	0.369231	0.262057	6	0.741514	0.578895	0.415493	0.240000	0.631114	0.140000	0.269231	-0.081485	-0.099332	-0.099332
chr20	28860559	28862888	Pmex	0.100000	0.281870	8	-1.371416	-1.000000	-1.000000	NA	NA	NA	NA	NA	NA	NA
chr20	28862994	28864223	Plat	0.378462	1.048230	18	-1.823996	-0.904435	-0.904435	0.080000	0.623691	0.431111	0.146305	-1.300301	-0.960326	-0.960326
chr20	28862994	28864223	Pmex	0.100000	0.281870	18	-1.371416	-1.000000	-1.000000	NA	NA	NA	NA	NA	NA	NA
chr20	28865026	28867133	Plat	1.933333	2.358516	32	-0.603927	-0.301591	-0.301591	4.080000	-2.486946	-0.304436	-0.304436	1.153400	0.844479	0.305147
chr20	28865026	28867133	Pmex	1.047368	0.563739	32	2.300652	1.329604	0.989235	1.000000	0.149599	0.026316	0.050000	0.950439	0.951545	0.303748
chr20	28868036	28868371	Plat	0.224615	0.524115	3	-1.335063	-0.808871	-0.808871	0.080000	0.471502	0.170909	0.144615	-1.018580	-0.917375	-0.917375
chr20	28868036	28868371	Pmex	0.336842	0.281870	3	0.414529	0.302263	0.224886	0.210526	0.598756	0.140351	0.266667	-0.256864	-0.311219	-0.311219
chr20	28868469	28868601	Plat	0.230769	0.786172	6	-1.869004	-1.000000	-1.000000	1.000000	-1.944899	-1.000000	-1.000000	0.361176	0.286566	1.000000
chr20	28868660	28870264	Plat	0.987692	2.882631	25	-2.265192	-0.930498	-0.930498	4.160000	-3.136451	-0.615522	-0.615522	0.713865	0.483370	0.409759
chr20	28868660	28870264	Pmex	1.126316	0.845609	25	0.993630	0.514484	0.382779	0.894737	0.566250	0.136223	0.157143	0.077616	0.066358	0.042558
chr20	30276630	30300266	Plat	9.939381	12.578754	251	-0.809059	-0.297479	-0.297479	8.230476	0.464519	0.060399	0.072178	-0.599244	-0.385105	-0.385105
chr20	30276630	30300266	Pmex	7.552632	7.046740	251	0.285278	0.111265	0.082782	8.315789	-0.360296	-0.039136	-0.039136	0.292301	0.215501	0.084868
chr21	7646220	7650955	Plat	0.760000	0.786172	33	-0.088073	-0.047123	-0.047123	2.600000	-4.652197	-0.664444	-0.664444	3.063729	2.722762	0.819317
chr21	7646220	7650955	Pmex	4.694737	3.946175	33	0.724769	0.293995	0.218734	6.052632	-1.058247	-0.141447	-0.141447	0.845113	0.625576	0.298626
chr21	7651014	7671123	Plat	1.018462	1.310287	21	-0.669656	-0.315258	-0.315258	0.720000	0.534515	0.184762	0.118437	-0.659148	-0.479796	-0.479796
chr21	7651014	7671123	Pmex	0.915789	0.563739	21	1.674723	0.967864	0.720098	0.736842	0.565154	0.099415	0.188889	0.377122	0.377561	0.120523
chr21	15870489	15873977	Plat	0.307692	1.048230	9	-2.016723	-1.000000	-1.000000	1.000000	-1.446706	-1.000000	-1.000000	-0.064771	-0.047836	-0.047836
chr21	15870489	15873977	Pmex	0.268421	0.281870	9	-0.101411	-0.073946	-0.073946	0.157895	0.523911	0.122807	0.233333	-0.446358	-0.540813	-0.540813
chr21	15874096	15876473	Plat	1.424615	2.620574	27	-1.552457	-0.645995	-0.645995	2.760000	-1.424395	-0.255294	-0.255294	0.084963	0.058568	0.041257
chr21	15874096	15876473	Pmex	0.389474	0.845609	27	-1.614600	-0.836011	-0.836011	0.947368	-1.364148	-0.796992	-0.796992	0.160768	0.128326	0.659102
chr21	20880499	20893145	Plat	4.276923	4.454975	48	-0.144545	-0.056573	-0.056573	4.880000	-0.415974	-0.051579	-0.051579	0.158730	0.108012	0.049739
chr21	20880499	20893145	Pmex	3.578947	4.509914	48	-0.797303	-0.319929	-0.319929	5.736842	-1.502879	-0.229563	-0.229563	0.433714	0.312119	0.189047
chr21	20893356	20893917	Pmex	0.584211	0.563739	9	0.097383	0.056280	0.041873	0.894737	-0.980708	-0.172515	-0.172515	0.721112	0.721952	0.230458
chr21	20894074	20894361	Plat	0.224615	0.524115	4	-1.335063	-0.808871	-0.808871	0.080000	0.471502	0.170909	0.144615	-1.018580	-0.917375	-0.917375
chr21	20894074	20894361	Pmex	0.268421	0.281870	4	-0.101411	-0.073946	-0.073946	0.894737	-2.968831	-0.695906	-0.695906	2.206561	2.673497	0.853421
chr21	20894802	20895288	Plat	0.301538	0.786172	11	-1.630857	-0.872580	-0.872580	0.080000	0.560131	0.288000	0.145749	-1.192792	-0.946393	-0.946393
chr21	20894802	20895288	Pmex	0.289474	0.563739	11	-1.304697	-0.754017	-0.754017	0.105263	0.581776	0.230263	0.184211	-0.998837	-0.897024	-0.897024
chr21	20895424	20895906	Plat	0.076923	0.262057	5	-1.280912	-1.000000	-1.000000	NA	NA	NA	NA	NA	NA	NA
chr21	20896022	20898912	Plat	0.646154	0.786172	20	-0.471180	-0.252102	-0.252102	0.640000	0.015559	0.008000	0.004049	-0.246899	-0.195896	-0.195896
chr21	20896022	20898912	Pmex	0.931579	1.409348	20	-1.132102	-0.525397	-0.525397	0.842105	0.154589	0.059649	0.035417	-0.582058	-0.434974	-0.434974
chr22	1160464	1161030	Plat	0.301538	0.786172	19	-1.630857	-0.872580	-0.872580	0.960000	-1.664833	-0.856000	-0.856000	0.293612	0.232959	0.812934
chr22	1160464	1161030	Pmex	1.121053	1.127478	19	-0.018215	-0.008833	-0.008833	1.684211	-1.136591	-0.216599	-0.216599	0.692146	0.574197	0.297317
chr22	1163121	1163328	Plat	0.076923	0.262057	9	-1.280912	-1.000000	-1.000000	1.000000	-4.507956	-1.000000	-1.000000	2.726143	3.323207	1.000000
chr22	1163121	1163328	Pmex	0.478947	0.281870	9	1.486095	1.083621	0.806221	0.684211	-0.972978	-0.228070	-0.228070	1.448584	1.755123	0.560262
chr22	1163423	1164291	Plat	0.076923	0.262057	9	-1.280912	-1.000000	-1.000000	NA	NA	NA	NA	NA	NA	NA
chr22	1163423	1164291	Pmex	1.589474	1.127478	9	1.309621	0.635064	0.472492	2.210526	-1.253437	-0.172515	-0.172515	1.346477	1.181139	0.377037
chr22	1164389	1164480	Plat	0.443077	0.262057	1	1.252443	0.977774	0.701782	0.720000	-1.352387	-0.300000	-0.300000	1.691753	2.062272	0.620567
chr22	1164635	1165861	Plat	0.076923	0.262057	9	-1.280912	-1.000000	-1.000000	NA	NA	NA	NA	NA	NA	NA
chr22	1164635	1165861	Pmex	1.157895	1.127478	9	0.086221	0.041811	0.031107	1.052632	0.212447	0.065789	0.052632	-0.093052	-0.073220	-0.073220
chr22	1166005	1167800	Plat	0.153846	0.524115	18	-1.650527	-1.000000	-1.000000	NA	NA	NA	NA	NA	NA	NA
chr22	1166005	1167800	Pmex	0.189474	0.281870	18	-0.696726	-0.508034	-0.508034	0.105263	0.399170	0.093567	0.177778	-0.635852	-0.770406	-0.770406
chr22	1167972	1168838	Pmex	0.542105	0.563739	4	-0.102914	-0.059477	-0.059477	0.315789	0.714753	0.282895	0.226316	-0.540184	-0.485122	-0.485122
chr22	1173797	1202609	Plat	6.458462	7.861721	306	-0.673265	-0.252656	-0.252656	9.440000	-1.248720	-0.144089	-0.144089	0.343209	0.227361	0.104257
chr22	1173797	1202609	Pmex	14.442105	18.321525	306	-0.869687	-0.328166	-0.328166	28.631579	-2.767656	-0.368558	-0.368558	0.932163	0.646273	0.386456
chr22	1202659	1206355	Plat	3.424036	3.930861	27	-0.460624	-0.182929	-0.182929	3.566957	-0.109570	-0.012071	-0.012071	-0.152785	-0.106799	-0.106799
chr22	1202659	1206355	Pmex	1.768421	1.973087	27	-0.366143	-0.160764	-0.160764	3.842105	-2.801992	-0.391261	-0.391261	1.423270	1.127750	0.464132
chr22	1206460	1209925	Plat	0.212308	0.262057	2	-0.344209	-0.268722	-0.268722	0.120000	0.450796	0.100000	0.192308	-0.524795	-0.639733	-0.639733
chr22	1206460	1209925	Pmex	0.442105	0.281870	2	1.208282	0.881047	0.655505	0.736842	-1.397097	-0.327485	-0.327485	1.638079	1.984716	0.633551
chr22	1210013	1211269	Plat	1.033846	0.524115	3	2.272203	1.376653	0.988071	1.120000	-0.280895	-0.046667	-0.046667	1.366666	1.341737	0.403748
chr22	1211466	1217201	Plat	0.076923	0.262057	4	-1.280912	-1.000000	-1.000000	NA	NA	NA	NA	NA	NA	NA
chr22	1218047	1222234	Plat	0.212308	0.262057	2	-0.344209	-0.268722	-0.268722	0.120000	0.450796	0.100000	0.192308	-0.524795	-0.639733	-0.639733
chr22	1218047	1222234	Pmex	0.100000	0.281870	2	-1.371416	-1.000000	-1.000000	1.000000	-4.266135	-1.000000	-1.000000	2.585550	3.132684	1.000000
chr22	1222406	1224043	Plat	1.858462	1.572344	17	0.568240	0.257576	0.184871	1.400000	0.720593	0.101017	0.157007	-0.164845	-0.125584	-0.125584
chr22	1222406	1224043	Pmex	0.942105	1.691218	17	-1.526670	-0.686492	-0.686492	4.736842	-5.748758	-0.862440	-0.862440	2.662094	2.132701	0.920467
chr22	1224174	1227315	Plat	1.947692	1.834402	23	0.198514	0.087420	0.062744	1.800000	0.207217	0.033103	0.042934	-0.028791	-0.021048	-0.021048
chr22	1224174	1227315	Pmex	0.878947	1.409348	23	-1.256816	-0.583276	-0.583276	1.684211	-1.391302	-0.536842	-0.536842	0.282041	0.210770	0.465354
chr22	1228199	1228451	Plat	0.516923	0.262057	10	1.763371	1.376653	0.988071	0.560000	-0.210371	-0.046667	-0.046667	1.100674	1.341737	0.403748
chr22	1228199	1228451	Pmex	0.100000	0.281870	10	-1.371416	-1.000000	-1.000000	NA	NA	NA	NA	NA	NA	NA
chr22	1228542	1230304	Plat	0.516923	0.262057	8	1.763371	1.376653	0.988071	0.480000	0.180318	0.040000	0.076923	0.805134	0.981470	0.295338
chr22	1228542	1230304	Pmex	0.100000	0.281870	8	-1.371416	-1.000000	-1.000000	1.000000	-4.266135	-1.000000	-1.000000	2.585550	3.132684	1.000000
chr22	1230439	1230779	Plat	0.147692	0.262057	3	-0.791272	-0.617741	-0.617741	0.080000	0.330583	0.073333	0.141026	-0.672565	-0.819866	-0.819866
chr22	1231922	1232008	Pmex	0.100000	0.281870	1	-1.371416	-1.000000	-1.000000	1.000000	-4.266135	-1.000000	-1.000000	2.585550	3.132684	1.000000
chr22	1232220	1249926	Plat	2.261538	2.358516	51	-0.137747	-0.058203	-0.058203	2.520000	-0.299432	-0.040976	-0.040976	0.108195	0.077692	0.034791
chr22	1232220	1249926	Pmex	2.794737	4.228044	51	-1.302708	-0.525397	-0.525397	5.894737	-2.280127	-0.476923	-0.476923	0.626408	0.437798	0.441864
chr22	15714678	15722304	Plat	0.880000	1.572344	74	-1.375023	-0.623281	-0.623281	2.120000	-1.948987	-0.273220	-0.273220	0.523826	0.399066	0.159776
chr22	15714678	15722304	Pmex	4.136842	4.228044	74	-0.082892	-0.033431	-0.033431	9.789474	-4.157651	-0.491533	-0.491533	2.090200	1.569326	0.634001
chr22	17111306	17120545	Plat	1.452308	1.572344	47	-0.238397	-0.108063	-0.108063	1.200000	0.396568	0.045556	0.087607	-0.356143	-0.279466	-0.279466
chr22	17111306	17120545	Pmex	1.509150	1.691218	47	-0.371048	-0.168564	-0.168564	0.854489	0.991765	0.149163	0.226398	-0.731361	-0.588471	-0.588471
chr22	17408393	17414272	Plat	2.566154	3.668803	46	-1.065906	-0.425425	-0.425425	4.160000	-1.294276	-0.230222	-0.230222	0.219893	0.146678	0.113409
chr22	17408393	17414272	Pmex	3.542105	3.100566	46	0.531793	0.220707	0.164208	3.473684	0.064998	0.009916	0.012745	0.187719	0.139249	0.076155
chr22	17414308	17428704	Plat	4.575385	6.551434	147	-1.124863	-0.426944	-0.426944	10.160000	-2.753867	-0.308936	-0.308936	0.934848	0.627420	0.268323
chr22	17414308	17428704	Pmex	2.863158	3.664305	147	-0.829890	-0.338851	-0.338851	6.263158	-2.817935	-0.390805	-0.390805	1.118135	0.828191	0.410192
chr22	17428833	17429491	Plat	0.270769	0.262057	11	0.060276	0.047057	0.033774	0.160000	0.540955	0.120000	0.230769	-0.377025	-0.459599	-0.459599
chr22	17428833	17429491	Pmex	0.478947	0.281870	11	1.486095	1.083621	0.806221	0.368421	0.523911	0.122807	0.233333	0.311619	0.377561	0.120523
chr22	17429558	17430409	Plat	0.747692	1.310287	16	-1.290994	-0.607769	-0.607769	1.320000	-1.024946	-0.218824	-0.218824	0.010846	0.008160	0.005748
chr22	17429558	17430409	Pmex	0.100000	0.281870	16	-1.371416	-1.000000	-1.000000	NA	NA	NA	NA	NA	NA	NA
chr22	17430477	17430835	Plat	0.270769	0.262057	2	0.060276	0.047057	0.033774	0.160000	0.540955	0.120000	0.230769	-0.377025	-0.459599	-0.459599
chr22	17430955	17431852	Plat	1.335385	0.786172	17	1.848173	0.988854	0.709735	1.600000	-0.669045	-0.095556	-0.095556	1.374633	1.221648	0.367611
chr22	17432091	17432243	Plat	0.569231	0.524115	4	0.201111	0.121847	0.087454	0.400000	0.551757	0.200000	0.169231	-0.284658	-0.256375	-0.256375
chr22	17432349	17434391	Plat	0.984615	1.310287	22	-0.747323	-0.351822	-0.351822	0.560000	0.760444	0.162353	0.171216	-0.837813	-0.630341	-0.630341
chr22	17432349	17434391	Pmex	0.268421	0.281870	22	-0.101411	-0.073946	-0.073946	0.157895	0.523911	0.122807	0.233333	-0.446358	-0.540813	-0.540813
chr22	17434510	17436321	Plat	0.495385	0.786172	15	-0.978539	-0.523561	-0.523561	0.240000	0.645706	0.144348	0.172557	-0.922537	-0.773426	-0.773426
chr22	17434510	17436321	Pmex	0.336842	0.281870	15	0.414529	0.302263	0.224886	0.842105	-2.395023	-0.561404	-0.561404	2.017067	2.443904	0.780131
chr22	17436399	17441166	Plat	1.720000	2.096459	59	-0.590526	-0.254180	-0.254180	1.040000	0.862608	0.155088	0.171717	-0.786154	-0.557069	-0.557069
chr22	17436399	17441166	Pmex	2.973684	2.818696	59	0.203226	0.085219	0.063404	3.789474	-0.836482	-0.101974	-0.101974	0.533624	0.413976	0.157051
chr22	17441276	17444022	Plat	0.224615	0.524115	17	-1.335063	-0.808871	-0.808871	0.080000	0.471502	0.170909	0.144615	-1.018580	-0.917375	-0.917375
chr22	17441276	17444022	Pmex	0.394737	0.281870	17	0.851093	0.620594	0.461726	0.789474	-1.871112	-0.438596	-0.438596	1.827573	2.214310	0.706841
chr22	17444129	17444926	Pmex	0.189474	0.281870	2	-0.696726	-0.508034	-0.508034	0.105263	0.399170	0.093567	0.177778	-0.635852	-0.770406	-0.770406
chr22	17444999	17450706	Plat	1.427692	2.096459	37	-1.049050	-0.451542	-0.451542	1.680000	-0.320063	-0.046857	-0.046857	-0.309904	-0.224330	-0.224330
chr22	17444999	17450706	Pmex	1.363158	1.973087	37	-1.091149	-0.479095	-0.479095	1.631579	-0.362694	-0.062424	-0.062424	-0.260061	-0.199721	-0.199721
chr22	17450798	17458556	Plat	1.772308	2.882631	77	-1.327270	-0.545218	-0.545218	2.200000	-0.422858	-0.082985	-0.082985	-0.381493	-0.258315	-0.258315
chr22	17450798	17458556	Pmex	1.015789	1.409348	77	-0.932561	-0.432792	-0.432792	0.526316	0.845693	0.139850	0.202174	-0.906095	-0.736583	-0.736583
chr22	17459073	17459359	Plat	0.516923	0.262057	2	1.763371	1.376653	0.988071	0.560000	-0.210371	-0.046667	-0.046667	1.100674	1.341737	0.403748
chr22	17459671	17461746	Plat	2.286154	2.096459	27	0.297562	0.128079	0.091927	1.600000	0.870415	0.107470	0.176844	-0.369435	-0.273311	-0.273311
chr22	17459671	17461746	Pmex	0.436842	0.563739	27	-0.603657	-0.348868	-0.348868	0.210526	0.714753	0.282895	0.226316	-0.769511	-0.691073	-0.691073
chr22	17461986	17465633	Plat	2.621538	3.144689	58	-0.579597	-0.235482	-0.235482	2.120000	0.462237	0.082532	0.084151	-0.528845	-0.357696	-0.357696
chr22	17461986	17465633	Pmex	0.389474	0.845609	58	-1.614600	-0.836011	-0.836011	1.105263	-1.750228	-0.421053	-0.421053	0.410222	0.350720	0.224928
chr22	17465851	17473757	Plat	2.507692	3.144689	95	-0.705727	-0.286727	-0.286727	2.560000	-0.048209	-0.006476	-0.006476	-0.301760	-0.209966	-0.209966
chr22	17465851	17473757	Pmex	2.121053	3.382435	95	-1.404885	-0.577970	-0.577970	5.052632	-2.594907	-0.375843	-0.375843	0.774678	0.574197	0.297317
chr22	17474332	17480285	Plat	0.966154	1.310287	39	-0.789687	-0.371766	-0.371766	0.520000	0.799017	0.123404	0.182850	-0.882479	-0.687035	-0.687035
chr22	17474332	17480285	Pmex	0.636842	0.845609	39	-0.738980	-0.382631	-0.382631	0.315789	0.785029	0.188854	0.217857	-0.837050	-0.715638	-0.715638
chr22	17480398	17480483	Pmex	0.100000	0.281870	2	-1.371416	-1.000000	-1.000000	NA	NA	NA	NA	NA	NA	NA
chr22	17480612	17480956	Plat	0.593846	0.524115	8	0.310838	0.188327	0.135168	1.480000	-2.889202	-0.480000	-0.480000	2.192329	2.152338	0.647669
chr22	17481091	17485218	Plat	0.670769	0.786172	31	-0.388346	-0.207782	-0.207782	0.360000	0.785739	0.175652	0.209979	-0.719846	-0.603496	-0.603496
chr22	17481091	17485218	Pmex	0.368421	0.563739	31	-0.929140	-0.536973	-0.536973	1.157895	-2.493325	-0.438596	-0.438596	1.294429	1.295936	0.413682
chr22	17485344	17488428	Plat	2.083077	1.572344	30	1.014335	0.459786	0.330004	1.480000	0.947894	0.108889	0.209402	-0.088326	-0.069310	-0.069310
chr22	17485344	17488428	Pmex	0.847368	1.409348	30	-1.331644	-0.618003	-0.618003	1.368421	-0.900254	-0.148872	-0.148872	-0.041996	-0.034139	-0.034139
chr22	17488647	17491594	Plat	0.418462	0.524115	14	-0.470965	-0.285342	-0.285342	0.240000	0.581853	0.096667	0.185897	-0.651619	-0.639733	-0.639733
chr22	17488647	17491594	Pmex	0.336842	0.281870	14	0.414529	0.302263	0.224886	0.210526	0.598756	0.140351	0.266667	-0.256864	-0.311219	-0.311219
chr22	17491699	17494835	Plat	1.895385	2.358516	45	-0.657829	-0.277955	-0.277955	3.760000	-2.160185	-0.295610	-0.295610	0.938999	0.674271	0.301947
chr22	17491699	17494835	Pmex	1.000000	1.127478	45	-0.361364	-0.175233	-0.175233	1.000000	0.000000	0.000000	0.000000	-0.158485	-0.131478	-0.131478
chr22	17494928	17495134	Pmex	0.957895	0.563739	7	1.875020	1.083621	0.806221	0.736842	0.698131	0.122807	0.233333	0.377122	0.377561	0.120523
chr22	17903444	17905241	Plat	0.076923	0.262057	5	-1.280912	-1.000000	-1.000000	NA	NA	NA	NA	NA	NA	NA
chr22	17903444	17905241	Pmex	0.268421	0.281870	5	-0.101411	-0.073946	-0.073946	0.157895	0.523911	0.122807	0.233333	-0.446358	-0.540813	-0.540813
chr23	8412552	8436357	Plat	4.996923	5.241148	156	-0.170928	-0.065959	-0.065959	4.120000	0.526014	0.083824	0.088400	-0.359202	-0.235478	-0.235478
chr23	8412552	8436357	Pmex	5.052632	5.919262	156	-0.576113	-0.226910	-0.226910	4.263158	0.434833	0.066342	0.076531	-0.451328	-0.319562	-0.319562
chr23	12799061	12804139	Plat	1.378462	1.572344	29	-0.385059	-0.174542	-0.174542	1.320000	0.091888	0.023030	0.019487	-0.241364	-0.173750	-0.173750
chr23	12799061	12804139	Pmex	0.394737	0.281870	29	0.851093	0.620594	0.461726	0.789474	-1.871112	-0.438596	-0.438596	1.827573	2.214310	0.706841
chr2	19546419	19547608	Plat	0.683077	0.524115	15	0.708597	0.429316	0.308135	0.800000	-0.381214	-0.063333	-0.063333	0.632744	0.621203	0.186929
chr2	19546419	19547608	Pmex	0.521053	0.281870	15	1.803597	1.315135	0.978469	0.473684	0.224533	0.052632	0.100000	0.690607	0.836749	0.267103
chr2	19548877	19549232	Pmex	0.268421	0.281870	6	-0.101411	-0.073946	-0.073946	0.157895	0.523911	0.122807	0.233333	-0.446358	-0.540813	-0.540813
chr2	19550250	19551575	Plat	0.147692	0.262057	13	-0.791272	-0.617741	-0.617741	0.080000	0.330583	0.073333	0.141026	-0.672565	-0.819866	-0.819866
chr2	19550250	19551575	Pmex	0.189474	0.281870	13	-0.696726	-0.508034	-0.508034	0.105263	0.399170	0.093567	0.177778	-0.635852	-0.770406	-0.770406
chr2	19551676	19551885	Plat	0.147692	0.262057	6	-0.791272	-0.617741	-0.617741	0.080000	0.330583	0.073333	0.141026	-0.672565	-0.819866	-0.819866
chr2	19551676	19551885	Pmex	0.694737	0.563739	6	0.623163	0.360142	0.267948	0.526316	0.531909	0.093567	0.177778	-0.081531	-0.081626	-0.081626
chr2	19552295	19553138	Plat	0.147692	0.262057	1	-0.791272	-0.617741	-0.617741	0.080000	0.330583	0.073333	0.141026	-0.672565	-0.819866	-0.819866
chr2	19555110	19555425	Plat	0.369231	0.262057	1	0.741514	0.578895	0.415493	0.240000	0.631114	0.140000	0.269231	-0.081485	-0.099332	-0.099332
chr2	19555597	19562588	Plat	4.098462	4.979090	88	-0.646012	-0.250353	-0.250353	3.400000	0.437973	0.055706	0.074942	-0.531074	-0.357334	-0.357334
chr2	19555597	19562588	Pmex	0.678947	1.409348	88	-1.730728	-0.803214	-0.803214	1.052632	-0.645637	-0.249123	-0.249123	-0.366033	-0.273538	-0.273538
chr2	19563379	19571305	Plat	1.553846	1.310287	39	0.558899	0.263116	0.188848	2.080000	-0.942289	-0.145532	-0.145532	0.859506	0.669149	0.286169
chr2	19563379	19571305	Pmex	0.542105	0.563739	39	-0.102914	-0.059477	-0.059477	0.315789	0.714753	0.282895	0.226316	-0.540184	-0.485122	-0.485122
chr2	19572549	19576859	Plat	2.664615	2.882631	60	-0.260614	-0.107055	-0.107055	3.840000	-1.162099	-0.144151	-0.144151	0.535031	0.379512	0.156500
chr2	19572549	19576859	Pmex	1.721053	1.973087	60	-0.450884	-0.197971	-0.197971	1.842105	-0.163568	-0.028152	-0.028152	-0.099744	-0.076601	-0.076601
chr2	19577755	19577833	Plat	0.212308	0.262057	4	-0.344209	-0.268722	-0.268722	0.120000	0.450796	0.100000	0.192308	-0.524795	-0.639733	-0.639733
chr2	19577988	19578081	Plat	0.766154	0.524115	3	1.078925	0.653685	0.469172	0.920000	-0.501598	-0.083333	-0.083333	0.907965	0.891403	0.268236
chr2	19577988	19578081	Pmex	0.100000	0.281870	3	-1.371416	-1.000000	-1.000000	NA	NA	NA	NA	NA	NA	NA
chr2	19578955	19579097	Pmex	0.100000	0.281870	3	-1.371416	-1.000000	-1.000000	NA	NA	NA	NA	NA	NA	NA
chr2	19579237	19579871	Pmex	0.731579	0.563739	5	0.798423	0.461429	0.343306	0.473684	0.814486	0.143275	0.272222	-0.196194	-0.196422	-0.196422
chr2	19582246	19586127	Pmex	2.447368	1.973087	38	0.848478	0.372544	0.277175	2.210526	0.320025	0.044687	0.070313	0.180811	0.143269	0.058963
chr2	19586652	19587845	Plat	0.230769	0.786172	9	-1.869004	-1.000000	-1.000000	NA	NA	NA	NA	NA	NA	NA
chr2	19586652	19587845	Pmex	0.521053	0.281870	9	1.803597	1.315135	0.978469	0.578947	-0.274430	-0.064327	-0.064327	1.069596	1.295936	0.413682
chr2	19587940	19588607	Pmex	0.100000	0.281870	5	-1.371416	-1.000000	-1.000000	NA	NA	NA	NA	NA	NA	NA
chr2	19589976	19593284	Plat	0.661538	1.310287	20	-1.488692	-0.700841	-0.700841	1.280000	-1.107603	-0.171064	-0.171064	-0.033820	-0.026330	-0.026330
chr2	19589976	19593284	Pmex	0.894737	1.127478	20	-0.659754	-0.319929	-0.319929	3.684211	-5.629843	-0.774854	-0.774854	3.178605	2.788294	0.890065
chr2	19594495	19626577	Plat	10.686154	12.840812	265	-0.647493	-0.237517	-0.237517	11.320000	-0.169003	-0.026159	-0.026159	-0.205407	-0.129753	-0.129753
chr2	19594495	19626577	Pmex	8.734434	9.019828	265	-0.127187	-0.049132	-0.049132	9.287926	-0.209166	-0.024288	-0.024288	0.048589	0.035067	0.015789
chr3	19032746	19040445	Plat	5.218462	6.551434	78	-0.758793	-0.288001	-0.288001	9.800000	-2.259233	-0.228199	-0.228199	0.841586	0.572794	0.210283
chr3	19032746	19040445	Pmex	6.852632	5.637392	78	0.845690	0.334096	0.248570	10.421053	-2.051055	-0.223026	-0.223026	1.366240	1.019965	0.386946
chr3	19040558	19041098	Plat	1.353846	1.310287	7	0.099956	0.047057	0.033774	2.240000	-1.587013	-0.192000	-0.192000	1.038171	0.837363	0.251974
chr3	19042188	19042823	Plat	0.347692	0.524115	3	-0.786429	-0.476472	-0.476472	0.160000	0.611949	0.221818	0.187692	-0.835099	-0.752125	-0.752125
chr3	19042188	19042823	Pmex	0.336842	0.281870	3	0.414529	0.302263	0.224886	0.210526	0.598756	0.140351	0.266667	-0.256864	-0.311219	-0.311219
chr3	19043172	19044521	Plat	0.270769	0.262057	3	0.060276	0.047057	0.033774	0.160000	0.540955	0.120000	0.230769	-0.377025	-0.459599	-0.459599
chr3	19043172	19044521	Pmex	0.289474	0.563739	3	-1.304697	-0.754017	-0.754017	1.105263	-2.576435	-0.453216	-0.453216	1.179766	1.181139	0.377037
chr3	19044789	19044868	Plat	0.270769	0.262057	1	0.060276	0.047057	0.033774	0.880000	-2.975251	-0.660000	-0.660000	2.282833	2.782806	0.837386
chr3	19046862	19046936	Plat	0.295385	0.524115	4	-1.019598	-0.617741	-0.617741	0.160000	0.441406	0.073333	0.141026	-0.835099	-0.819866	-0.819866
chr3	19048013	19048552	Plat	0.295385	0.524115	3	-1.019598	-0.617741	-0.617741	1.040000	-2.427732	-0.403333	-0.403333	1.183186	1.161603	0.349543
chr3	19048706	19048804	Plat	0.147692	0.262057	1	-0.791272	-0.617741	-0.617741	0.960000	-3.967002	-0.880000	-0.880000	2.578373	3.143073	0.945795
chr3	19048927	19049840	Plat	0.590769	1.048230	7	-1.245813	-0.617741	-0.617741	1.200000	-1.273101	-0.165000	-0.165000	0.203823	0.170869	0.051417
chr3	19048927	19049840	Pmex	0.100000	0.281870	7	-1.371416	-1.000000	-1.000000	NA	NA	NA	NA	NA	NA	NA
chr3	19050568	19051799	Plat	0.076923	0.262057	10	-1.280912	-1.000000	-1.000000	1.000000	-4.507956	-1.000000	-1.000000	2.726143	3.323207	1.000000
chr3	19050568	19051799	Pmex	1.147368	0.845609	10	1.068150	0.553069	0.411487	1.105263	0.102955	0.024768	0.028571	0.410222	0.350720	0.224928
chr3	19051827	19053700	Plat	0.147692	0.262057	4	-0.791272	-0.617741	-0.617741	0.080000	0.330583	0.073333	0.141026	-0.672565	-0.819866	-0.819866
chr3	20853081	20856224	Plat	0.836923	1.310287	27	-1.086235	-0.511373	-0.511373	0.400000	0.782485	0.167059	0.176179	-1.016478	-0.764763	-0.764763
chr3	20853081	20856224	Pmex	0.963158	1.127478	27	-0.465801	-0.225877	-0.225877	2.000000	-2.092602	-0.398785	-0.398785	1.084745	0.899893	0.465961
chr3	20856330	20875949	Plat	4.667692	6.551434	147	-1.072317	-0.407000	-0.407000	4.680000	-0.006069	-0.000721	-0.000721	-0.484821	-0.323138	-0.323138
chr3	20856330	20875949	Pmex	7.799966	8.174219	147	-0.183255	-0.071259	-0.071259	8.965944	-0.481800	-0.064498	-0.064498	0.157914	0.112197	0.061729
chr3	20876995	20882264	Plat	3.221538	3.406746	54	-0.191216	-0.076953	-0.076953	2.520000	0.605636	0.116923	0.108262	-0.425148	-0.283600	-0.283600
chr3	20876995	20882264	Pmex	1.573684	2.818696	54	-1.632504	-0.684563	-0.684563	1.526316	0.048570	0.015789	0.009375	-0.710405	-0.495512	-0.495512
chr4	8240194	8242683	Plat	0.593846	0.786172	13	-0.647202	-0.346282	-0.346282	0.320000	0.692384	0.154783	0.185031	-0.787409	-0.660140	-0.660140
chr5	21019007	21051670	Plat	4.378462	5.241148	132	-0.603778	-0.232989	-0.232989	3.440000	0.562927	0.081879	0.094986	-0.577066	-0.381506	-0.381506
chr5	21019007	21051670	Pmex	7.015789	6.201131	132	0.518379	0.203607	0.151485	7.947368	-0.492561	-0.062945	-0.062945	0.455050	0.329082	0.161706
chr5	28779177	28780269	Plat	1.000000	0.786172	15	0.719559	0.384996	0.276325	0.840000	0.404539	0.057778	0.111111	0.090920	0.080802	0.024314
chr5	28780396	28780487	Pmex	0.336842	0.281870	4	0.414529	0.302263	0.224886	0.210526	0.598756	0.140351	0.266667	-0.256864	-0.311219	-0.311219
chr5	28782959	28784068	Pmex	0.584211	0.563739	14	0.097383	0.056280	0.041873	1.210526	-1.978038	-0.347953	-0.347953	1.409092	1.410733	0.450327
chr5	28786717	28788388	Plat	0.147692	0.262057	11	-0.791272	-0.617741	-0.617741	0.080000	0.330583	0.073333	0.141026	-0.672565	-0.819866	-0.819866
chr5	28786717	28788388	Pmex	0.368421	0.563739	11	-0.929140	-0.536973	-0.536973	1.157895	-2.493325	-0.438596	-0.438596	1.294429	1.295936	0.413682
chr5	28788813	28792075	Plat	1.110769	0.786172	40	1.092312	0.584435	0.419469	0.920000	0.482335	0.068889	0.132479	0.226048	0.200891	0.060451
chr5	28788813	28792075	Pmex	1.415789	1.691218	40	-0.561315	-0.252404	-0.252404	0.736842	1.028557	0.282895	0.226316	-0.834193	-0.622423	-0.622423
chr5	28792851	28817802	Plat	5.547692	7.861721	181	-1.110240	-0.416640	-0.416640	5.960000	-0.172682	-0.028063	-0.028063	-0.413544	-0.264800	-0.264800
chr5	28792851	28817802	Pmex	10.842105	10.429176	181	0.160057	0.061364	0.045655	10.473684	0.121885	0.017297	0.020290	0.007001	0.004884	0.003055
chr6	3849118	3868705	Plat	4.110769	4.979090	154	-0.636984	-0.246854	-0.246854	4.520000	-0.256610	-0.032638	-0.032638	-0.154399	-0.103888	-0.103888
chr6	3849118	3868705	Pmex	11.415789	10.147306	154	0.504829	0.193741	0.144145	11.684211	-0.091070	-0.011001	-0.011001	0.248306	0.177193	0.086088
chr6	3869524	3870396	Plat	0.323077	0.262057	11	0.422184	0.329596	0.236562	0.200000	0.601061	0.133333	0.256410	-0.229255	-0.279466	-0.279466
chr6	3869524	3870396	Pmex	0.789474	0.563739	11	1.073832	0.620594	0.461726	1.052632	-0.831108	-0.146199	-0.146199	1.065102	1.066342	0.340392
chr6	3870978	3874104	Plat	1.350769	1.572344	41	-0.440057	-0.199472	-0.199472	1.080000	0.425585	0.076522	0.091476	-0.470922	-0.348601	-0.348601
chr6	3870978	3874104	Pmex	1.394737	0.845609	41	1.943770	1.006450	0.748806	1.210526	0.450426	0.068226	0.129630	0.576525	0.530624	0.169383
chr6	3874205	3878578	Plat	1.750769	1.834402	33	-0.146545	-0.064534	-0.064534	1.800000	-0.069072	-0.007619	-0.007619	-0.028791	-0.022132	-0.022132
chr6	3874205	3878578	Pmex	0.268421	0.281870	33	-0.101411	-0.073946	-0.073946	0.157895	0.523911	0.122807	0.233333	-0.446358	-0.540813	-0.540813
chr6	15349332	15350643	Plat	0.867692	1.048230	36	-0.491661	-0.243792	-0.243792	0.480000	0.810155	0.229091	0.193846	-0.763114	-0.586875	-0.586875
chr6	15349332	15350643	Pmex	0.915789	1.409348	36	-1.169517	-0.542761	-0.542761	0.421053	0.854787	0.197895	0.200000	-1.014107	-0.789718	-0.789718
chr6	15350872	15362504	Plat	7.292308	7.861721	142	-0.273197	-0.102523	-0.102523	5.840000	0.608252	0.073750	0.098662	-0.439639	-0.289573	-0.289573
chr6	15350872	15362504	Pmex	4.005263	4.509914	142	-0.432196	-0.173425	-0.173425	6.263158	-1.572524	-0.268797	-0.268797	0.619765	0.440116	0.319347
chr6	15362753	15367686	Plat	1.683077	2.620574	54	-1.216952	-0.506387	-0.506387	2.680000	-1.063373	-0.190588	-0.190588	0.036213	0.024963	0.017585
chr6	15362753	15367686	Pmex	2.300000	2.536827	54	-0.340808	-0.144686	-0.144686	3.842105	-1.718320	-0.376123	-0.376123	0.790747	0.574085	0.529918
chr6	15367751	15369425	Plat	0.224615	0.524115	11	-1.335063	-0.808871	-0.808871	0.080000	0.471502	0.170909	0.144615	-1.018580	-0.917375	-0.917375
chr6	15367751	15369425	Pmex	0.368421	0.563739	11	-0.929140	-0.536973	-0.536973	1.157895	-2.493325	-0.438596	-0.438596	1.294429	1.295936	0.413682
chr6	15369508	15373444	Plat	1.089231	1.048230	33	0.111660	0.055367	0.039739	0.720000	0.771577	0.218182	0.184615	-0.440802	-0.339000	-0.339000
chr6	15369508	15373444	Pmex	0.584211	0.563739	33	0.097383	0.056280	0.041873	0.368421	0.681509	0.119883	0.227778	-0.425521	-0.426016	-0.426016
chr6	15373536	15373610	Pmex	0.100000	0.281870	1	-1.371416	-1.000000	-1.000000	NA	NA	NA	NA	NA	NA	NA
chr6	15373718	15375109	Plat	0.076923	0.262057	9	-1.280912	-1.000000	-1.000000	NA	NA	NA	NA	NA	NA	NA
chr6	15373718	15375109	Pmex	0.936842	0.845609	9	0.322942	0.167214	0.124408	1.000000	-0.154432	-0.037152	-0.037152	0.243919	0.208539	0.133743
chr6	15375392	15376046	Plat	0.270769	0.262057	7	0.060276	0.047057	0.033774	0.880000	-2.975251	-0.660000	-0.660000	2.282833	2.782806	0.837386
chr6	15376220	15377554	Plat	0.667692	0.786172	13	-0.398700	-0.213322	-0.213322	1.280000	-1.548139	-0.346087	-0.346087	0.834123	0.699302	0.406835
chr6	15376220	15377554	Pmex	0.584211	0.563739	13	0.097383	0.056280	0.041873	0.368421	0.681509	0.119883	0.227778	-0.425521	-0.426016	-0.426016
chr6	15379332	15379869	Plat	0.212308	0.262057	7	-0.344209	-0.268722	-0.268722	0.120000	0.450796	0.100000	0.192308	-0.524795	-0.639733	-0.639733
chr6	15380008	15381136	Plat	0.289231	0.524115	11	-1.047030	-0.634361	-0.634361	0.120000	0.551757	0.200000	0.169231	-0.926840	-0.834750	-0.834750
chr6	15380008	15381136	Pmex	0.289474	0.563739	11	-1.304697	-0.754017	-0.754017	0.105263	0.581776	0.230263	0.184211	-0.998837	-0.897024	-0.897024
chr6	15381412	15381614	Pmex	0.100000	0.281870	4	-1.371416	-1.000000	-1.000000	NA	NA	NA	NA	NA	NA	NA
chr6	15381750	15381957	Plat	0.369231	0.262057	1	0.741514	0.578895	0.415493	0.240000	0.631114	0.140000	0.269231	-0.081485	-0.099332	-0.099332
chr6	15382375	15382843	Pmex	0.521053	0.281870	14	1.803597	1.315135	0.978469	0.473684	0.224533	0.052632	0.100000	0.690607	0.836749	0.267103
chr6	15382972	15383062	Pmex	0.100000	0.281870	1	-1.371416	-1.000000	-1.000000	NA	NA	NA	NA	NA	NA	NA
chr6	15383958	15384417	Pmex	0.100000	0.281870	4	-1.371416	-1.000000	-1.000000	NA	NA	NA	NA	NA	NA	NA
chr6	15386039	15387207	Plat	0.147692	0.262057	12	-0.791272	-0.617741	-0.617741	0.080000	0.330583	0.073333	0.141026	-0.672565	-0.819866	-0.819866
chr6	15386039	15387207	Pmex	0.521053	0.281870	12	1.803597	1.315135	0.978469	0.473684	0.224533	0.052632	0.100000	0.690607	0.836749	0.267103
chr6	15388334	15388423	Plat	0.147692	0.262057	1	-0.791272	-0.617741	-0.617741	0.080000	0.330583	0.073333	0.141026	-0.672565	-0.819866	-0.819866
chr6	15390430	15393140	Plat	1.984615	2.358516	34	-0.531086	-0.224402	-0.224402	1.120000	1.001670	0.118316	0.198306	-0.829810	-0.607558	-0.607558
chr6	15390430	15393140	Pmex	2.031579	1.973087	34	0.104640	0.045945	0.034183	3.421053	-1.877477	-0.323133	-0.323133	1.102636	0.846798	0.478364
chr6	15395577	15397006	Plat	0.716923	0.786172	12	-0.233032	-0.124683	-0.124683	0.720000	-0.007780	-0.001739	-0.001739	-0.111771	-0.093705	-0.093705
chr6	15395577	15397006	Pmex	0.815789	0.563739	12	1.199017	0.692942	0.515554	0.578947	0.747997	0.131579	0.250000	0.033133	0.033171	0.010589
chr6	15397917	15398169	Plat	0.950769	0.524115	2	1.901875	1.152284	0.827034	0.760000	0.621981	0.103333	0.198718	0.541004	0.531136	0.159826
chr6	15398201	15398650	Pmex	0.100000	0.281870	6	-1.371416	-1.000000	-1.000000	NA	NA	NA	NA	NA	NA	NA
chr6	15399910	15401786	Plat	1.633846	1.310287	33	0.742476	0.349540	0.250877	2.160000	-0.942289	-0.145532	-0.145532	0.948838	0.738697	0.315912
chr6	15399910	15401786	Pmex	1.778947	1.691218	33	0.178791	0.080396	0.059815	1.578947	0.302986	0.058824	0.067857	-0.098132	-0.075823	-0.075823
chr6	15401978	15404252	Plat	1.067692	1.572344	33	-1.002259	-0.454312	-0.454312	1.480000	-0.648050	-0.116522	-0.116522	-0.088326	-0.065384	-0.065384
chr6	15401978	15404252	Pmex	1.278947	1.127478	33	0.429370	0.208211	0.154910	0.842105	0.881655	0.168016	0.224324	-0.354784	-0.294325	-0.294325
chr6	15404974	15405998	Plat	0.535385	0.524115	7	0.050237	0.030437	0.021846	1.120000	-1.906071	-0.316667	-0.316667	1.366666	1.341737	0.403748
chr6	15404974	15405998	Pmex	0.584211	0.563739	7	0.097383	0.056280	0.041873	0.368421	0.681509	0.119883	0.227778	-0.425521	-0.426016	-0.426016
chr6	21050611	21071950	Plat	8.815385	9.958180	167	-0.438192	-0.162442	-0.162442	11.240000	-0.818557	-0.105067	-0.105067	0.221771	0.143731	0.079905
chr6	21050611	21071950	Pmex	4.957895	7.046740	167	-1.177926	-0.459416	-0.459416	7.526316	-1.212584	-0.223341	-0.223341	0.110461	0.076004	0.068971
chr6	30275694	30300581	Pmex	0.978947	1.127478	24	-0.421042	-0.204172	-0.204172	0.947368	0.063734	0.019737	0.015789	-0.223918	-0.176196	-0.176196
chr6	30301636	30306997	Plat	0.230769	0.786172	14	-1.869004	-1.000000	-1.000000	NA	NA	NA	NA	NA	NA	NA
chr6	30307096	30313015	Plat	0.547692	0.524115	21	0.105100	0.063677	0.045703	1.360000	-2.648435	-0.440000	-0.440000	1.917108	1.882138	0.566362
chr6	30313159	30327087	Plat	1.984615	2.620574	56	-0.825529	-0.343512	-0.343512	1.640000	0.367586	0.065882	0.069479	-0.597537	-0.411906	-0.411906
chr6	30313159	30327087	Pmex	0.389474	0.845609	56	-1.614600	-0.836011	-0.836011	0.105263	0.694943	0.406015	0.186207	-1.169656	-0.933628	-0.933628
chr6	30327212	30332863	Plat	0.400000	0.524115	42	-0.553260	-0.335202	-0.335202	0.200000	0.652077	0.236364	0.200000	-0.743359	-0.669500	-0.669500
chr6	30327212	30332863	Pmex	0.189474	0.281870	42	-0.696726	-0.508034	-0.508034	0.105263	0.399170	0.093567	0.177778	-0.635852	-0.770406	-0.770406
chr6	30332959	30360826	Plat	3.448651	3.668803	147	-0.212816	-0.085150	-0.085150	3.966957	-0.420888	-0.058128	-0.058128	0.133474	0.091309	0.047093
chr6	30332959	30360826	Pmex	2.336842	3.664305	147	-1.375088	-0.561460	-0.561460	4.947368	-2.163616	-0.339029	-0.339029	0.552027	0.402136	0.240468
chr8	7882822	7883460	Plat	0.076923	0.262057	6	-1.280912	-1.000000	-1.000000	NA	NA	NA	NA	NA	NA	NA
chr8	7883585	7885170	Pmex	0.478947	0.281870	6	1.486095	1.083621	0.806221	0.684211	-0.972978	-0.228070	-0.228070	1.448584	1.755123	0.560262
chr8	7885262	7887468	Plat	0.212308	0.262057	14	-0.344209	-0.268722	-0.268722	0.120000	0.450796	0.100000	0.192308	-0.524795	-0.639733	-0.639733
chr8	7885262	7887468	Pmex	0.100000	0.281870	14	-1.371416	-1.000000	-1.000000	NA	NA	NA	NA	NA	NA	NA
chr8	7887553	7887935	Pmex	0.336842	0.281870	11	0.414529	0.302263	0.224886	0.210526	0.598756	0.140351	0.266667	-0.256864	-0.311219	-0.311219
chr8	7888040	7889106	Plat	0.270769	0.262057	5	0.060276	0.047057	0.033774	0.160000	0.540955	0.120000	0.230769	-0.377025	-0.459599	-0.459599
chr8	7888040	7889106	Pmex	0.289474	0.563739	5	-1.304697	-0.754017	-0.754017	0.105263	0.581776	0.230263	0.184211	-0.998837	-0.897024	-0.897024
chr8	7889181	7889439	Plat	0.409231	0.262057	4	1.018267	0.794955	0.570566	0.280000	0.631114	0.140000	0.269231	0.066284	0.080802	0.024314
chr8	7889523	7890158	Plat	0.153846	0.524115	15	-1.650527	-1.000000	-1.000000	NA	NA	NA	NA	NA	NA	NA
chr8	7890250	7890355	Plat	0.787692	0.524115	6	1.174936	0.711855	0.510923	0.720000	0.220703	0.036667	0.070513	0.449264	0.441069	0.132724
chr8	7890250	7890355	Pmex	0.289474	0.563739	6	-1.304697	-0.754017	-0.754017	0.105263	0.581776	0.230263	0.184211	-0.998837	-0.897024	-0.897024
chr8	7890950	7891029	Pmex	0.189474	0.281870	2	-0.696726	-0.508034	-0.508034	0.105263	0.399170	0.093567	0.177778	-0.635852	-0.770406	-0.770406
chr8	7891107	7891160	Plat	0.147692	0.262057	1	-0.791272	-0.617741	-0.617741	0.080000	0.330583	0.073333	0.141026	-0.672565	-0.819866	-0.819866
chr8	17789089	17816559	Plat	7.895385	11.268467	246	-1.149198	-0.423713	-0.423713	8.120000	-0.067643	-0.010855	-0.010855	-0.483033	-0.305425	-0.305425
chr8	17789089	17816559	Pmex	13.521053	14.939089	246	-0.387999	-0.147113	-0.147113	21.368421	-1.857080	-0.219814	-0.219814	0.710820	0.503031	0.246704
chr8	17816658	17825952	Plat	1.787692	2.620574	85	-1.081152	-0.449880	-0.449880	0.920000	0.925529	0.165882	0.174938	-1.036288	-0.714355	-0.714355
chr8	17816658	17825952	Pmex	7.157895	7.892349	85	-0.371870	-0.144227	-0.144227	10.473684	-1.414213	-0.164148	-0.164148	0.532714	0.386322	0.170863
chr8	17826016	17828301	Plat	0.347692	0.524115	17	-0.786429	-0.476472	-0.476472	0.160000	0.611949	0.221818	0.187692	-0.835099	-0.752125	-0.752125
chr8	17826016	17828301	Pmex	0.478947	0.281870	17	1.486095	1.083621	0.806221	0.684211	-0.972978	-0.228070	-0.228070	1.448584	1.755123	0.560262
chr9	3716301	3733811	Plat	6.630769	7.337607	171	-0.361875	-0.136356	-0.136356	7.240000	-0.271509	-0.034138	-0.034138	-0.022682	-0.014930	-0.014930
chr9	3716301	3733811	Pmex	4.084211	4.791783	171	-0.572929	-0.228856	-0.228856	5.684211	-1.058215	-0.172043	-0.172043	0.297771	0.211835	0.143749
chr9	29454412	29462563	Plat	0.600000	1.048230	21	-1.220675	-0.605276	-0.605276	0.240000	0.752287	0.520000	0.176471	-1.085426	-0.801632	-0.801632
chr9	29454412	29462563	Pmex	0.747368	0.563739	21	0.873535	0.504837	0.375603	0.842105	-0.299199	-0.052632	-0.052632	0.606449	0.607155	0.193813
